(kicad_pcb (version 20171130) (host pcbnew 5.1.5-52549c5~86~ubuntu18.04.1)

  (general
    (thickness 1.6)
    (drawings 0)
    (tracks 1)
    (zones 0)
    (modules 8)
    (nets 88)
  )

  (page A4)
  (layers
    (0 F.Cu signal)
    (31 B.Cu signal)
    (32 B.Adhes user)
    (33 F.Adhes user)
    (34 B.Paste user)
    (35 F.Paste user)
    (36 B.SilkS user)
    (37 F.SilkS user)
    (38 B.Mask user)
    (39 F.Mask user)
    (40 Dwgs.User user)
    (41 Cmts.User user)
    (42 Eco1.User user)
    (43 Eco2.User user)
    (44 Edge.Cuts user)
    (45 Margin user)
    (46 B.CrtYd user)
    (47 F.CrtYd user)
    (48 B.Fab user)
    (49 F.Fab user)
  )

  (setup
    (last_trace_width 1)
    (user_trace_width 0.5)
    (user_trace_width 1)
    (user_trace_width 2)
    (trace_clearance 0.2)
    (zone_clearance 0.508)
    (zone_45_only no)
    (trace_min 0.2)
    (via_size 0.8)
    (via_drill 0.4)
    (via_min_size 0.4)
    (via_min_drill 0.3)
    (uvia_size 0.3)
    (uvia_drill 0.1)
    (uvias_allowed no)
    (uvia_min_size 0.2)
    (uvia_min_drill 0.1)
    (edge_width 0.05)
    (segment_width 0.2)
    (pcb_text_width 0.3)
    (pcb_text_size 1.5 1.5)
    (mod_edge_width 0.12)
    (mod_text_size 1 1)
    (mod_text_width 0.15)
    (pad_size 1.524 1.524)
    (pad_drill 0.762)
    (pad_to_mask_clearance 0.051)
    (solder_mask_min_width 0.25)
    (aux_axis_origin 0 0)
    (visible_elements FFFFFF7F)
    (pcbplotparams
      (layerselection 0x010fc_ffffffff)
      (usegerberextensions false)
      (usegerberattributes false)
      (usegerberadvancedattributes false)
      (creategerberjobfile false)
      (excludeedgelayer true)
      (linewidth 0.100000)
      (plotframeref false)
      (viasonmask false)
      (mode 1)
      (useauxorigin false)
      (hpglpennumber 1)
      (hpglpenspeed 20)
      (hpglpendiameter 15.000000)
      (psnegative false)
      (psa4output false)
      (plotreference true)
      (plotvalue true)
      (plotinvisibletext false)
      (padsonsilk false)
      (subtractmaskfromsilk false)
      (outputformat 1)
      (mirror false)
      (drillshape 1)
      (scaleselection 1)
      (outputdirectory ""))
  )

  (net 0 "")
  (net 1 /GPIO21)
  (net 2 GND)
  (net 3 /GPIO20)
  (net 4 /GPIO26)
  (net 5 /GPIO16)
  (net 6 /GPIO19)
  (net 7 /GPIO13)
  (net 8 /GPIO12)
  (net 9 /GPIO6)
  (net 10 /GPIO5)
  (net 11 "Net-(J1-Pad28)")
  (net 12 "Net-(J1-Pad27)")
  (net 13 /GPIO7)
  (net 14 /GPIO8)
  (net 15 /GPIO11)
  (net 16 /GPIO25)
  (net 17 /GPIO9)
  (net 18 /GPIO10)
  (net 19 /GPIO24)
  (net 20 +3V3)
  (net 21 /GPIO23)
  (net 22 /GPIO22)
  (net 23 /GPIO27)
  (net 24 /GPIO18)
  (net 25 /GPIO17)
  (net 26 /UART0_RX)
  (net 27 /UART0_TX)
  (net 28 /GPIO4)
  (net 29 /GPIO3)
  (net 30 +5V)
  (net 31 /GPIO2)
  (net 32 "Net-(J2-Pad8)")
  (net 33 "Net-(J2-Pad7)")
  (net 34 "Net-(J2-Pad6)")
  (net 35 "Net-(J2-Pad5)")
  (net 36 "Net-(J2-Pad4)")
  (net 37 "Net-(J2-Pad3)")
  (net 38 "Net-(J2-Pad2)")
  (net 39 "Net-(J2-Pad1)")
  (net 40 "Net-(J3-Pad1)")
  (net 41 "Net-(J3-Pad2)")
  (net 42 "Net-(J3-Pad3)")
  (net 43 "Net-(J3-Pad4)")
  (net 44 "Net-(J3-Pad5)")
  (net 45 "Net-(J3-Pad6)")
  (net 46 "Net-(J3-Pad7)")
  (net 47 "Net-(J3-Pad8)")
  (net 48 "Net-(J4-Pad1)")
  (net 49 "Net-(J4-Pad2)")
  (net 50 "Net-(J4-Pad3)")
  (net 51 "Net-(J4-Pad4)")
  (net 52 "Net-(J4-Pad5)")
  (net 53 "Net-(J4-Pad6)")
  (net 54 "Net-(J4-Pad7)")
  (net 55 "Net-(J4-Pad8)")
  (net 56 "Net-(J5-Pad8)")
  (net 57 "Net-(J5-Pad7)")
  (net 58 "Net-(J5-Pad6)")
  (net 59 "Net-(J5-Pad5)")
  (net 60 "Net-(J5-Pad4)")
  (net 61 "Net-(J5-Pad3)")
  (net 62 "Net-(J5-Pad2)")
  (net 63 "Net-(J5-Pad1)")
  (net 64 "Net-(J6-Pad8)")
  (net 65 "Net-(J6-Pad7)")
  (net 66 "Net-(J6-Pad6)")
  (net 67 "Net-(J6-Pad5)")
  (net 68 "Net-(J6-Pad4)")
  (net 69 "Net-(J6-Pad3)")
  (net 70 "Net-(J6-Pad2)")
  (net 71 "Net-(J6-Pad1)")
  (net 72 "Net-(J7-Pad1)")
  (net 73 "Net-(J7-Pad2)")
  (net 74 "Net-(J7-Pad3)")
  (net 75 "Net-(J7-Pad4)")
  (net 76 "Net-(J7-Pad5)")
  (net 77 "Net-(J7-Pad6)")
  (net 78 "Net-(J7-Pad7)")
  (net 79 "Net-(J7-Pad8)")
  (net 80 "Net-(HAN++1-Pad1)")
  (net 81 "Net-(HAN++1-Pad2)")
  (net 82 "Net-(HAN++1-Pad3)")
  (net 83 "Net-(HAN++1-Pad4)")
  (net 84 "Net-(HAN++1-Pad5)")
  (net 85 "Net-(HAN++1-Pad6)")
  (net 86 "Net-(HAN++1-Pad7)")
  (net 87 "Net-(HAN++1-Pad8)")

  (net_class Default "This is the default net class."
    (clearance 0.2)
    (trace_width 0.25)
    (via_dia 0.8)
    (via_drill 0.4)
    (uvia_dia 0.3)
    (uvia_drill 0.1)
    (add_net +3V3)
    (add_net +5V)
    (add_net /GPIO10)
    (add_net /GPIO11)
    (add_net /GPIO12)
    (add_net /GPIO13)
    (add_net /GPIO16)
    (add_net /GPIO17)
    (add_net /GPIO18)
    (add_net /GPIO19)
    (add_net /GPIO2)
    (add_net /GPIO20)
    (add_net /GPIO21)
    (add_net /GPIO22)
    (add_net /GPIO23)
    (add_net /GPIO24)
    (add_net /GPIO25)
    (add_net /GPIO26)
    (add_net /GPIO27)
    (add_net /GPIO3)
    (add_net /GPIO4)
    (add_net /GPIO5)
    (add_net /GPIO6)
    (add_net /GPIO7)
    (add_net /GPIO8)
    (add_net /GPIO9)
    (add_net /UART0_RX)
    (add_net /UART0_TX)
    (add_net GND)
    (add_net "Net-(HAN++1-Pad1)")
    (add_net "Net-(HAN++1-Pad2)")
    (add_net "Net-(HAN++1-Pad3)")
    (add_net "Net-(HAN++1-Pad4)")
    (add_net "Net-(HAN++1-Pad5)")
    (add_net "Net-(HAN++1-Pad6)")
    (add_net "Net-(HAN++1-Pad7)")
    (add_net "Net-(HAN++1-Pad8)")
    (add_net "Net-(J1-Pad27)")
    (add_net "Net-(J1-Pad28)")
    (add_net "Net-(J2-Pad1)")
    (add_net "Net-(J2-Pad2)")
    (add_net "Net-(J2-Pad3)")
    (add_net "Net-(J2-Pad4)")
    (add_net "Net-(J2-Pad5)")
    (add_net "Net-(J2-Pad6)")
    (add_net "Net-(J2-Pad7)")
    (add_net "Net-(J2-Pad8)")
    (add_net "Net-(J3-Pad1)")
    (add_net "Net-(J3-Pad2)")
    (add_net "Net-(J3-Pad3)")
    (add_net "Net-(J3-Pad4)")
    (add_net "Net-(J3-Pad5)")
    (add_net "Net-(J3-Pad6)")
    (add_net "Net-(J3-Pad7)")
    (add_net "Net-(J3-Pad8)")
    (add_net "Net-(J4-Pad1)")
    (add_net "Net-(J4-Pad2)")
    (add_net "Net-(J4-Pad3)")
    (add_net "Net-(J4-Pad4)")
    (add_net "Net-(J4-Pad5)")
    (add_net "Net-(J4-Pad6)")
    (add_net "Net-(J4-Pad7)")
    (add_net "Net-(J4-Pad8)")
    (add_net "Net-(J5-Pad1)")
    (add_net "Net-(J5-Pad2)")
    (add_net "Net-(J5-Pad3)")
    (add_net "Net-(J5-Pad4)")
    (add_net "Net-(J5-Pad5)")
    (add_net "Net-(J5-Pad6)")
    (add_net "Net-(J5-Pad7)")
    (add_net "Net-(J5-Pad8)")
    (add_net "Net-(J6-Pad1)")
    (add_net "Net-(J6-Pad2)")
    (add_net "Net-(J6-Pad3)")
    (add_net "Net-(J6-Pad4)")
    (add_net "Net-(J6-Pad5)")
    (add_net "Net-(J6-Pad6)")
    (add_net "Net-(J6-Pad7)")
    (add_net "Net-(J6-Pad8)")
    (add_net "Net-(J7-Pad1)")
    (add_net "Net-(J7-Pad2)")
    (add_net "Net-(J7-Pad3)")
    (add_net "Net-(J7-Pad4)")
    (add_net "Net-(J7-Pad5)")
    (add_net "Net-(J7-Pad6)")
    (add_net "Net-(J7-Pad7)")
    (add_net "Net-(J7-Pad8)")
  )

  (module Pin_Headers:Pin_Header_Straight_2x20_Pitch2.54mm (layer F.Cu) (tedit 59650533) (tstamp 5EB80DA9)
    (at 91.825001 62.225001)
    (descr "Through hole straight pin header, 2x20, 2.54mm pitch, double rows")
    (tags "Through hole pin header THT 2x20 2.54mm double row")
    (path /5EB8B700)
    (fp_text reference J1 (at 1.27 -2.33) (layer F.SilkS)
      (effects (font (size 1 1) (thickness 0.15)))
    )
    (fp_text value Conn_02x20_Odd_Even (at 1.27 50.59) (layer F.Fab)
      (effects (font (size 1 1) (thickness 0.15)))
    )
    (fp_text user %R (at 1.27 24.13 90) (layer F.Fab)
      (effects (font (size 1 1) (thickness 0.15)))
    )
    (fp_line (start 4.35 -1.8) (end -1.8 -1.8) (layer F.CrtYd) (width 0.05))
    (fp_line (start 4.35 50.05) (end 4.35 -1.8) (layer F.CrtYd) (width 0.05))
    (fp_line (start -1.8 50.05) (end 4.35 50.05) (layer F.CrtYd) (width 0.05))
    (fp_line (start -1.8 -1.8) (end -1.8 50.05) (layer F.CrtYd) (width 0.05))
    (fp_line (start -1.33 -1.33) (end 0 -1.33) (layer F.SilkS) (width 0.12))
    (fp_line (start -1.33 0) (end -1.33 -1.33) (layer F.SilkS) (width 0.12))
    (fp_line (start 1.27 -1.33) (end 3.87 -1.33) (layer F.SilkS) (width 0.12))
    (fp_line (start 1.27 1.27) (end 1.27 -1.33) (layer F.SilkS) (width 0.12))
    (fp_line (start -1.33 1.27) (end 1.27 1.27) (layer F.SilkS) (width 0.12))
    (fp_line (start 3.87 -1.33) (end 3.87 49.59) (layer F.SilkS) (width 0.12))
    (fp_line (start -1.33 1.27) (end -1.33 49.59) (layer F.SilkS) (width 0.12))
    (fp_line (start -1.33 49.59) (end 3.87 49.59) (layer F.SilkS) (width 0.12))
    (fp_line (start -1.27 0) (end 0 -1.27) (layer F.Fab) (width 0.1))
    (fp_line (start -1.27 49.53) (end -1.27 0) (layer F.Fab) (width 0.1))
    (fp_line (start 3.81 49.53) (end -1.27 49.53) (layer F.Fab) (width 0.1))
    (fp_line (start 3.81 -1.27) (end 3.81 49.53) (layer F.Fab) (width 0.1))
    (fp_line (start 0 -1.27) (end 3.81 -1.27) (layer F.Fab) (width 0.1))
    (pad 40 thru_hole oval (at 2.54 48.26) (size 1.7 1.7) (drill 1) (layers *.Cu *.Mask)
      (net 1 /GPIO21))
    (pad 39 thru_hole oval (at 0 48.26) (size 1.7 1.7) (drill 1) (layers *.Cu *.Mask)
      (net 2 GND))
    (pad 38 thru_hole oval (at 2.54 45.72) (size 1.7 1.7) (drill 1) (layers *.Cu *.Mask)
      (net 3 /GPIO20))
    (pad 37 thru_hole oval (at 0 45.72) (size 1.7 1.7) (drill 1) (layers *.Cu *.Mask)
      (net 4 /GPIO26))
    (pad 36 thru_hole oval (at 2.54 43.18) (size 1.7 1.7) (drill 1) (layers *.Cu *.Mask)
      (net 5 /GPIO16))
    (pad 35 thru_hole oval (at 0 43.18) (size 1.7 1.7) (drill 1) (layers *.Cu *.Mask)
      (net 6 /GPIO19))
    (pad 34 thru_hole oval (at 2.54 40.64) (size 1.7 1.7) (drill 1) (layers *.Cu *.Mask)
      (net 2 GND))
    (pad 33 thru_hole oval (at 0 40.64) (size 1.7 1.7) (drill 1) (layers *.Cu *.Mask)
      (net 7 /GPIO13))
    (pad 32 thru_hole oval (at 2.54 38.1) (size 1.7 1.7) (drill 1) (layers *.Cu *.Mask)
      (net 8 /GPIO12))
    (pad 31 thru_hole oval (at 0 38.1) (size 1.7 1.7) (drill 1) (layers *.Cu *.Mask)
      (net 9 /GPIO6))
    (pad 30 thru_hole oval (at 2.54 35.56) (size 1.7 1.7) (drill 1) (layers *.Cu *.Mask)
      (net 2 GND))
    (pad 29 thru_hole oval (at 0 35.56) (size 1.7 1.7) (drill 1) (layers *.Cu *.Mask)
      (net 10 /GPIO5))
    (pad 28 thru_hole oval (at 2.54 33.02) (size 1.7 1.7) (drill 1) (layers *.Cu *.Mask)
      (net 11 "Net-(J1-Pad28)"))
    (pad 27 thru_hole oval (at 0 33.02) (size 1.7 1.7) (drill 1) (layers *.Cu *.Mask)
      (net 12 "Net-(J1-Pad27)"))
    (pad 26 thru_hole oval (at 2.54 30.48) (size 1.7 1.7) (drill 1) (layers *.Cu *.Mask)
      (net 13 /GPIO7))
    (pad 25 thru_hole oval (at 0 30.48) (size 1.7 1.7) (drill 1) (layers *.Cu *.Mask)
      (net 2 GND))
    (pad 24 thru_hole oval (at 2.54 27.94) (size 1.7 1.7) (drill 1) (layers *.Cu *.Mask)
      (net 14 /GPIO8))
    (pad 23 thru_hole oval (at 0 27.94) (size 1.7 1.7) (drill 1) (layers *.Cu *.Mask)
      (net 15 /GPIO11))
    (pad 22 thru_hole oval (at 2.54 25.4) (size 1.7 1.7) (drill 1) (layers *.Cu *.Mask)
      (net 16 /GPIO25))
    (pad 21 thru_hole oval (at 0 25.4) (size 1.7 1.7) (drill 1) (layers *.Cu *.Mask)
      (net 17 /GPIO9))
    (pad 20 thru_hole oval (at 2.54 22.86) (size 1.7 1.7) (drill 1) (layers *.Cu *.Mask)
      (net 2 GND))
    (pad 19 thru_hole oval (at 0 22.86) (size 1.7 1.7) (drill 1) (layers *.Cu *.Mask)
      (net 18 /GPIO10))
    (pad 18 thru_hole oval (at 2.54 20.32) (size 1.7 1.7) (drill 1) (layers *.Cu *.Mask)
      (net 19 /GPIO24))
    (pad 17 thru_hole oval (at 0 20.32) (size 1.7 1.7) (drill 1) (layers *.Cu *.Mask)
      (net 20 +3V3))
    (pad 16 thru_hole oval (at 2.54 17.78) (size 1.7 1.7) (drill 1) (layers *.Cu *.Mask)
      (net 21 /GPIO23))
    (pad 15 thru_hole oval (at 0 17.78) (size 1.7 1.7) (drill 1) (layers *.Cu *.Mask)
      (net 22 /GPIO22))
    (pad 14 thru_hole oval (at 2.54 15.24) (size 1.7 1.7) (drill 1) (layers *.Cu *.Mask)
      (net 2 GND))
    (pad 13 thru_hole oval (at 0 15.24) (size 1.7 1.7) (drill 1) (layers *.Cu *.Mask)
      (net 23 /GPIO27))
    (pad 12 thru_hole oval (at 2.54 12.7) (size 1.7 1.7) (drill 1) (layers *.Cu *.Mask)
      (net 24 /GPIO18))
    (pad 11 thru_hole oval (at 0 12.7) (size 1.7 1.7) (drill 1) (layers *.Cu *.Mask)
      (net 25 /GPIO17))
    (pad 10 thru_hole oval (at 2.54 10.16) (size 1.7 1.7) (drill 1) (layers *.Cu *.Mask)
      (net 26 /UART0_RX))
    (pad 9 thru_hole oval (at 0 10.16) (size 1.7 1.7) (drill 1) (layers *.Cu *.Mask)
      (net 2 GND))
    (pad 8 thru_hole oval (at 2.54 7.62) (size 1.7 1.7) (drill 1) (layers *.Cu *.Mask)
      (net 27 /UART0_TX))
    (pad 7 thru_hole oval (at 0 7.62) (size 1.7 1.7) (drill 1) (layers *.Cu *.Mask)
      (net 28 /GPIO4))
    (pad 6 thru_hole oval (at 2.54 5.08) (size 1.7 1.7) (drill 1) (layers *.Cu *.Mask)
      (net 2 GND))
    (pad 5 thru_hole oval (at 0 5.08) (size 1.7 1.7) (drill 1) (layers *.Cu *.Mask)
      (net 29 /GPIO3))
    (pad 4 thru_hole oval (at 2.54 2.54) (size 1.7 1.7) (drill 1) (layers *.Cu *.Mask)
      (net 30 +5V))
    (pad 3 thru_hole oval (at 0 2.54) (size 1.7 1.7) (drill 1) (layers *.Cu *.Mask)
      (net 31 /GPIO2))
    (pad 2 thru_hole oval (at 2.54 0) (size 1.7 1.7) (drill 1) (layers *.Cu *.Mask)
      (net 30 +5V))
    (pad 1 thru_hole rect (at 0 0) (size 1.7 1.7) (drill 1) (layers *.Cu *.Mask)
      (net 20 +3V3))
    (model ${KISYS3DMOD}/Pin_Headers.3dshapes/Pin_Header_Straight_2x20_Pitch2.54mm.wrl
      (at (xyz 0 0 0))
      (scale (xyz 1 1 1))
      (rotate (xyz 0 0 0))
    )
  )

  (module rj45:RJ45_8_Stewart_2891016 (layer F.Cu) (tedit 5DBA8AA7) (tstamp 5EB81231)
    (at 82.4 68.6 180)
    (tags RJ45)
    (path /5EB87269)
    (fp_text reference J2 (at 1.8 -5.8 90) (layer Dwgs.User)
      (effects (font (size 1 1) (thickness 0.15)))
    )
    (fp_text value Conn_01x08_Male (at 4.59 6.25) (layer F.Fab)
      (effects (font (size 1 1) (thickness 0.15)))
    )
    (fp_line (start 12.46 14.47) (end -3.56 14.47) (layer F.CrtYd) (width 0.05))
    (fp_line (start 12.46 14.47) (end 12.46 -4.06) (layer F.CrtYd) (width 0.05))
    (fp_line (start -3.56 -4.06) (end -3.56 14.47) (layer F.CrtYd) (width 0.05))
    (fp_line (start -3.56 -4.06) (end 12.46 -4.06) (layer F.CrtYd) (width 0.05))
    (fp_line (start -3.17 7.51) (end -3.17 14.22) (layer F.SilkS) (width 0.12))
    (fp_line (start 12.06 7.52) (end 12.07 14.22) (layer F.SilkS) (width 0.12))
    (fp_line (start -3.17 -3.81) (end -3.17 5.19) (layer F.SilkS) (width 0.12))
    (fp_line (start 12.07 -3.81) (end -3.17 -3.81) (layer F.SilkS) (width 0.12))
    (fp_line (start 12.07 -3.81) (end 12.06 5.18) (layer F.SilkS) (width 0.12))
    (fp_line (start -3.17 14.22) (end 12.07 14.22) (layer F.SilkS) (width 0.12))
    (pad 8 thru_hole circle (at 8.89 -2.54 180) (size 1.5 1.5) (drill 0.9) (layers *.Cu *.Mask)
      (net 32 "Net-(J2-Pad8)"))
    (pad 7 thru_hole circle (at 7.62 0 180) (size 1.5 1.5) (drill 0.9) (layers *.Cu *.Mask)
      (net 33 "Net-(J2-Pad7)"))
    (pad 6 thru_hole circle (at 6.35 -2.54 180) (size 1.5 1.5) (drill 0.9) (layers *.Cu *.Mask)
      (net 34 "Net-(J2-Pad6)"))
    (pad 5 thru_hole circle (at 5.08 0 180) (size 1.5 1.5) (drill 0.9) (layers *.Cu *.Mask)
      (net 35 "Net-(J2-Pad5)"))
    (pad 4 thru_hole circle (at 3.81 -2.54 180) (size 1.5 1.5) (drill 0.9) (layers *.Cu *.Mask)
      (net 36 "Net-(J2-Pad4)"))
    (pad 3 thru_hole circle (at 2.54 0 180) (size 1.5 1.5) (drill 0.9) (layers *.Cu *.Mask)
      (net 37 "Net-(J2-Pad3)"))
    (pad 2 thru_hole circle (at 1.27 -2.54 180) (size 1.5 1.5) (drill 0.9) (layers *.Cu *.Mask)
      (net 38 "Net-(J2-Pad2)"))
    (pad 1 thru_hole rect (at 0 0 180) (size 1.5 1.5) (drill 0.9) (layers *.Cu *.Mask)
      (net 39 "Net-(J2-Pad1)"))
    (pad Hole np_thru_hole circle (at -1.27 6.35 180) (size 3.65 3.65) (drill 3.25) (layers *.Cu *.SilkS *.Mask))
    (pad Hole np_thru_hole circle (at 10.16 6.35 180) (size 3.65 3.65) (drill 3.25) (layers *.Cu *.SilkS *.Mask))
    (model ${KISYS3DMOD}/Connectors.3dshapes/RJ45_8.wrl
      (offset (xyz 4.571999931335449 -6.349999904632568 0))
      (scale (xyz 0.4 0.4 0.4))
      (rotate (xyz 0 0 0))
    )
  )

  (module rj45:RJ45_8_Stewart_2891016 (layer F.Cu) (tedit 5DBA8AA7) (tstamp 5EB81B12)
    (at 64.2 61.4 270)
    (tags RJ45)
    (path /5EB8ADE6)
    (fp_text reference J3 (at -4.6 5) (layer Dwgs.User)
      (effects (font (size 1 1) (thickness 0.15)))
    )
    (fp_text value Conn_01x08_Male (at 4.59 6.25 90) (layer F.Fab)
      (effects (font (size 1 1) (thickness 0.15)))
    )
    (fp_line (start -3.17 14.22) (end 12.07 14.22) (layer F.SilkS) (width 0.12))
    (fp_line (start 12.07 -3.81) (end 12.06 5.18) (layer F.SilkS) (width 0.12))
    (fp_line (start 12.07 -3.81) (end -3.17 -3.81) (layer F.SilkS) (width 0.12))
    (fp_line (start -3.17 -3.81) (end -3.17 5.19) (layer F.SilkS) (width 0.12))
    (fp_line (start 12.06 7.52) (end 12.07 14.22) (layer F.SilkS) (width 0.12))
    (fp_line (start -3.17 7.51) (end -3.17 14.22) (layer F.SilkS) (width 0.12))
    (fp_line (start -3.56 -4.06) (end 12.46 -4.06) (layer F.CrtYd) (width 0.05))
    (fp_line (start -3.56 -4.06) (end -3.56 14.47) (layer F.CrtYd) (width 0.05))
    (fp_line (start 12.46 14.47) (end 12.46 -4.06) (layer F.CrtYd) (width 0.05))
    (fp_line (start 12.46 14.47) (end -3.56 14.47) (layer F.CrtYd) (width 0.05))
    (pad Hole np_thru_hole circle (at 10.16 6.35 270) (size 3.65 3.65) (drill 3.25) (layers *.Cu *.SilkS *.Mask))
    (pad Hole np_thru_hole circle (at -1.27 6.35 270) (size 3.65 3.65) (drill 3.25) (layers *.Cu *.SilkS *.Mask))
    (pad 1 thru_hole rect (at 0 0 270) (size 1.5 1.5) (drill 0.9) (layers *.Cu *.Mask)
      (net 40 "Net-(J3-Pad1)"))
    (pad 2 thru_hole circle (at 1.27 -2.54 270) (size 1.5 1.5) (drill 0.9) (layers *.Cu *.Mask)
      (net 41 "Net-(J3-Pad2)"))
    (pad 3 thru_hole circle (at 2.54 0 270) (size 1.5 1.5) (drill 0.9) (layers *.Cu *.Mask)
      (net 42 "Net-(J3-Pad3)"))
    (pad 4 thru_hole circle (at 3.81 -2.54 270) (size 1.5 1.5) (drill 0.9) (layers *.Cu *.Mask)
      (net 43 "Net-(J3-Pad4)"))
    (pad 5 thru_hole circle (at 5.08 0 270) (size 1.5 1.5) (drill 0.9) (layers *.Cu *.Mask)
      (net 44 "Net-(J3-Pad5)"))
    (pad 6 thru_hole circle (at 6.35 -2.54 270) (size 1.5 1.5) (drill 0.9) (layers *.Cu *.Mask)
      (net 45 "Net-(J3-Pad6)"))
    (pad 7 thru_hole circle (at 7.62 0 270) (size 1.5 1.5) (drill 0.9) (layers *.Cu *.Mask)
      (net 46 "Net-(J3-Pad7)"))
    (pad 8 thru_hole circle (at 8.89 -2.54 270) (size 1.5 1.5) (drill 0.9) (layers *.Cu *.Mask)
      (net 47 "Net-(J3-Pad8)"))
    (model ${KISYS3DMOD}/Connectors.3dshapes/RJ45_8.wrl
      (offset (xyz 4.571999931335449 -6.349999904632568 0))
      (scale (xyz 0.4 0.4 0.4))
      (rotate (xyz 0 0 0))
    )
  )

  (module rj45:RJ45_8_Stewart_2891016 (layer F.Cu) (tedit 5DBA8AA7) (tstamp 5EB80E09)
    (at 104.2 105.2 90)
    (tags RJ45)
    (path /5EB8A71E)
    (fp_text reference J5 (at -5.8 10.8) (layer Dwgs.User)
      (effects (font (size 1 1) (thickness 0.15)))
    )
    (fp_text value Conn_01x08_Male (at 4.59 6.25 90) (layer F.Fab)
      (effects (font (size 1 1) (thickness 0.15)))
    )
    (fp_line (start 12.46 14.47) (end -3.56 14.47) (layer F.CrtYd) (width 0.05))
    (fp_line (start 12.46 14.47) (end 12.46 -4.06) (layer F.CrtYd) (width 0.05))
    (fp_line (start -3.56 -4.06) (end -3.56 14.47) (layer F.CrtYd) (width 0.05))
    (fp_line (start -3.56 -4.06) (end 12.46 -4.06) (layer F.CrtYd) (width 0.05))
    (fp_line (start -3.17 7.51) (end -3.17 14.22) (layer F.SilkS) (width 0.12))
    (fp_line (start 12.06 7.52) (end 12.07 14.22) (layer F.SilkS) (width 0.12))
    (fp_line (start -3.17 -3.81) (end -3.17 5.19) (layer F.SilkS) (width 0.12))
    (fp_line (start 12.07 -3.81) (end -3.17 -3.81) (layer F.SilkS) (width 0.12))
    (fp_line (start 12.07 -3.81) (end 12.06 5.18) (layer F.SilkS) (width 0.12))
    (fp_line (start -3.17 14.22) (end 12.07 14.22) (layer F.SilkS) (width 0.12))
    (pad 8 thru_hole circle (at 8.89 -2.54 90) (size 1.5 1.5) (drill 0.9) (layers *.Cu *.Mask)
      (net 56 "Net-(J5-Pad8)"))
    (pad 7 thru_hole circle (at 7.62 0 90) (size 1.5 1.5) (drill 0.9) (layers *.Cu *.Mask)
      (net 57 "Net-(J5-Pad7)"))
    (pad 6 thru_hole circle (at 6.35 -2.54 90) (size 1.5 1.5) (drill 0.9) (layers *.Cu *.Mask)
      (net 58 "Net-(J5-Pad6)"))
    (pad 5 thru_hole circle (at 5.08 0 90) (size 1.5 1.5) (drill 0.9) (layers *.Cu *.Mask)
      (net 59 "Net-(J5-Pad5)"))
    (pad 4 thru_hole circle (at 3.81 -2.54 90) (size 1.5 1.5) (drill 0.9) (layers *.Cu *.Mask)
      (net 60 "Net-(J5-Pad4)"))
    (pad 3 thru_hole circle (at 2.54 0 90) (size 1.5 1.5) (drill 0.9) (layers *.Cu *.Mask)
      (net 61 "Net-(J5-Pad3)"))
    (pad 2 thru_hole circle (at 1.27 -2.54 90) (size 1.5 1.5) (drill 0.9) (layers *.Cu *.Mask)
      (net 62 "Net-(J5-Pad2)"))
    (pad 1 thru_hole rect (at 0 0 90) (size 1.5 1.5) (drill 0.9) (layers *.Cu *.Mask)
      (net 63 "Net-(J5-Pad1)"))
    (pad Hole np_thru_hole circle (at -1.27 6.35 90) (size 3.65 3.65) (drill 3.25) (layers *.Cu *.SilkS *.Mask))
    (pad Hole np_thru_hole circle (at 10.16 6.35 90) (size 3.65 3.65) (drill 3.25) (layers *.Cu *.SilkS *.Mask))
    (model ${KISYS3DMOD}/Connectors.3dshapes/RJ45_8.wrl
      (offset (xyz 4.571999931335449 -6.349999904632568 0))
      (scale (xyz 0.4 0.4 0.4))
      (rotate (xyz 0 0 0))
    )
  )

  (module rj45:RJ45_8_Stewart_2891016 (layer F.Cu) (tedit 5DBA8AA7) (tstamp 5EB80E21)
    (at 64.2 79.2 270)
    (tags RJ45)
    (path /5EB891CD)
    (fp_text reference J6 (at 14 7.6) (layer Dwgs.User)
      (effects (font (size 1 1) (thickness 0.15)))
    )
    (fp_text value Conn_01x08_Male (at 4.59 6.25 90) (layer F.Fab)
      (effects (font (size 1 1) (thickness 0.15)))
    )
    (fp_line (start 12.46 14.47) (end -3.56 14.47) (layer F.CrtYd) (width 0.05))
    (fp_line (start 12.46 14.47) (end 12.46 -4.06) (layer F.CrtYd) (width 0.05))
    (fp_line (start -3.56 -4.06) (end -3.56 14.47) (layer F.CrtYd) (width 0.05))
    (fp_line (start -3.56 -4.06) (end 12.46 -4.06) (layer F.CrtYd) (width 0.05))
    (fp_line (start -3.17 7.51) (end -3.17 14.22) (layer F.SilkS) (width 0.12))
    (fp_line (start 12.06 7.52) (end 12.07 14.22) (layer F.SilkS) (width 0.12))
    (fp_line (start -3.17 -3.81) (end -3.17 5.19) (layer F.SilkS) (width 0.12))
    (fp_line (start 12.07 -3.81) (end -3.17 -3.81) (layer F.SilkS) (width 0.12))
    (fp_line (start 12.07 -3.81) (end 12.06 5.18) (layer F.SilkS) (width 0.12))
    (fp_line (start -3.17 14.22) (end 12.07 14.22) (layer F.SilkS) (width 0.12))
    (pad 8 thru_hole circle (at 8.89 -2.54 270) (size 1.5 1.5) (drill 0.9) (layers *.Cu *.Mask)
      (net 64 "Net-(J6-Pad8)"))
    (pad 7 thru_hole circle (at 7.62 0 270) (size 1.5 1.5) (drill 0.9) (layers *.Cu *.Mask)
      (net 65 "Net-(J6-Pad7)"))
    (pad 6 thru_hole circle (at 6.35 -2.54 270) (size 1.5 1.5) (drill 0.9) (layers *.Cu *.Mask)
      (net 66 "Net-(J6-Pad6)"))
    (pad 5 thru_hole circle (at 5.08 0 270) (size 1.5 1.5) (drill 0.9) (layers *.Cu *.Mask)
      (net 67 "Net-(J6-Pad5)"))
    (pad 4 thru_hole circle (at 3.81 -2.54 270) (size 1.5 1.5) (drill 0.9) (layers *.Cu *.Mask)
      (net 68 "Net-(J6-Pad4)"))
    (pad 3 thru_hole circle (at 2.54 0 270) (size 1.5 1.5) (drill 0.9) (layers *.Cu *.Mask)
      (net 69 "Net-(J6-Pad3)"))
    (pad 2 thru_hole circle (at 1.27 -2.54 270) (size 1.5 1.5) (drill 0.9) (layers *.Cu *.Mask)
      (net 70 "Net-(J6-Pad2)"))
    (pad 1 thru_hole rect (at 0 0 270) (size 1.5 1.5) (drill 0.9) (layers *.Cu *.Mask)
      (net 71 "Net-(J6-Pad1)"))
    (pad Hole np_thru_hole circle (at -1.27 6.35 270) (size 3.65 3.65) (drill 3.25) (layers *.Cu *.SilkS *.Mask))
    (pad Hole np_thru_hole circle (at 10.16 6.35 270) (size 3.65 3.65) (drill 3.25) (layers *.Cu *.SilkS *.Mask))
    (model ${KISYS3DMOD}/Connectors.3dshapes/RJ45_8.wrl
      (offset (xyz 4.571999931335449 -6.349999904632568 0))
      (scale (xyz 0.4 0.4 0.4))
      (rotate (xyz 0 0 0))
    )
  )

  (module rj45:RJ45_8_Stewart_2891016 (layer F.Cu) (tedit 5DBA8AA7) (tstamp 5EB80E39)
    (at 104.2 88 90)
    (tags RJ45)
    (path /5EB8A05C)
    (fp_text reference J7 (at 2.8 11.8) (layer Dwgs.User)
      (effects (font (size 1 1) (thickness 0.15)))
    )
    (fp_text value Conn_01x08_Male (at 4.59 6.25 90) (layer F.Fab)
      (effects (font (size 1 1) (thickness 0.15)))
    )
    (fp_line (start -3.17 14.22) (end 12.07 14.22) (layer F.SilkS) (width 0.12))
    (fp_line (start 12.07 -3.81) (end 12.06 5.18) (layer F.SilkS) (width 0.12))
    (fp_line (start 12.07 -3.81) (end -3.17 -3.81) (layer F.SilkS) (width 0.12))
    (fp_line (start -3.17 -3.81) (end -3.17 5.19) (layer F.SilkS) (width 0.12))
    (fp_line (start 12.06 7.52) (end 12.07 14.22) (layer F.SilkS) (width 0.12))
    (fp_line (start -3.17 7.51) (end -3.17 14.22) (layer F.SilkS) (width 0.12))
    (fp_line (start -3.56 -4.06) (end 12.46 -4.06) (layer F.CrtYd) (width 0.05))
    (fp_line (start -3.56 -4.06) (end -3.56 14.47) (layer F.CrtYd) (width 0.05))
    (fp_line (start 12.46 14.47) (end 12.46 -4.06) (layer F.CrtYd) (width 0.05))
    (fp_line (start 12.46 14.47) (end -3.56 14.47) (layer F.CrtYd) (width 0.05))
    (pad Hole np_thru_hole circle (at 10.16 6.35 90) (size 3.65 3.65) (drill 3.25) (layers *.Cu *.SilkS *.Mask))
    (pad Hole np_thru_hole circle (at -1.27 6.35 90) (size 3.65 3.65) (drill 3.25) (layers *.Cu *.SilkS *.Mask))
    (pad 1 thru_hole rect (at 0 0 90) (size 1.5 1.5) (drill 0.9) (layers *.Cu *.Mask)
      (net 72 "Net-(J7-Pad1)"))
    (pad 2 thru_hole circle (at 1.27 -2.54 90) (size 1.5 1.5) (drill 0.9) (layers *.Cu *.Mask)
      (net 73 "Net-(J7-Pad2)"))
    (pad 3 thru_hole circle (at 2.54 0 90) (size 1.5 1.5) (drill 0.9) (layers *.Cu *.Mask)
      (net 74 "Net-(J7-Pad3)"))
    (pad 4 thru_hole circle (at 3.81 -2.54 90) (size 1.5 1.5) (drill 0.9) (layers *.Cu *.Mask)
      (net 75 "Net-(J7-Pad4)"))
    (pad 5 thru_hole circle (at 5.08 0 90) (size 1.5 1.5) (drill 0.9) (layers *.Cu *.Mask)
      (net 76 "Net-(J7-Pad5)"))
    (pad 6 thru_hole circle (at 6.35 -2.54 90) (size 1.5 1.5) (drill 0.9) (layers *.Cu *.Mask)
      (net 77 "Net-(J7-Pad6)"))
    (pad 7 thru_hole circle (at 7.62 0 90) (size 1.5 1.5) (drill 0.9) (layers *.Cu *.Mask)
      (net 78 "Net-(J7-Pad7)"))
    (pad 8 thru_hole circle (at 8.89 -2.54 90) (size 1.5 1.5) (drill 0.9) (layers *.Cu *.Mask)
      (net 79 "Net-(J7-Pad8)"))
    (model ${KISYS3DMOD}/Connectors.3dshapes/RJ45_8.wrl
      (offset (xyz 4.571999931335449 -6.349999904632568 0))
      (scale (xyz 0.4 0.4 0.4))
      (rotate (xyz 0 0 0))
    )
  )

  (module rj45:RJ45_8_Stewart_2891016 (layer F.Cu) (tedit 5DBA8AA7) (tstamp 5EB8187A)
    (at 64.4 100.6 270)
    (tags RJ45)
    (path /5EB894BA)
    (fp_text reference HAN++1 (at -5.08 5.588) (layer Dwgs.User)
      (effects (font (size 1 1) (thickness 0.15)))
    )
    (fp_text value Conn_01x08_Male (at 4.59 6.25 90) (layer F.Fab)
      (effects (font (size 1 1) (thickness 0.15)))
    )
    (fp_line (start -3.17 14.22) (end 12.07 14.22) (layer F.SilkS) (width 0.12))
    (fp_line (start 12.07 -3.81) (end 12.06 5.18) (layer F.SilkS) (width 0.12))
    (fp_line (start 12.07 -3.81) (end -3.17 -3.81) (layer F.SilkS) (width 0.12))
    (fp_line (start -3.17 -3.81) (end -3.17 5.19) (layer F.SilkS) (width 0.12))
    (fp_line (start 12.06 7.52) (end 12.07 14.22) (layer F.SilkS) (width 0.12))
    (fp_line (start -3.17 7.51) (end -3.17 14.22) (layer F.SilkS) (width 0.12))
    (fp_line (start -3.56 -4.06) (end 12.46 -4.06) (layer F.CrtYd) (width 0.05))
    (fp_line (start -3.56 -4.06) (end -3.56 14.47) (layer F.CrtYd) (width 0.05))
    (fp_line (start 12.46 14.47) (end 12.46 -4.06) (layer F.CrtYd) (width 0.05))
    (fp_line (start 12.46 14.47) (end -3.56 14.47) (layer F.CrtYd) (width 0.05))
    (pad Hole np_thru_hole circle (at 10.16 6.35 270) (size 3.65 3.65) (drill 3.25) (layers *.Cu *.SilkS *.Mask))
    (pad Hole np_thru_hole circle (at -1.27 6.35 270) (size 3.65 3.65) (drill 3.25) (layers *.Cu *.SilkS *.Mask))
    (pad 1 thru_hole rect (at 0 0 270) (size 1.5 1.5) (drill 0.9) (layers *.Cu *.Mask)
      (net 80 "Net-(HAN++1-Pad1)"))
    (pad 2 thru_hole circle (at 1.27 -2.54 270) (size 1.5 1.5) (drill 0.9) (layers *.Cu *.Mask)
      (net 81 "Net-(HAN++1-Pad2)"))
    (pad 3 thru_hole circle (at 2.54 0 270) (size 1.5 1.5) (drill 0.9) (layers *.Cu *.Mask)
      (net 82 "Net-(HAN++1-Pad3)"))
    (pad 4 thru_hole circle (at 3.81 -2.54 270) (size 1.5 1.5) (drill 0.9) (layers *.Cu *.Mask)
      (net 83 "Net-(HAN++1-Pad4)"))
    (pad 5 thru_hole circle (at 5.08 0 270) (size 1.5 1.5) (drill 0.9) (layers *.Cu *.Mask)
      (net 84 "Net-(HAN++1-Pad5)"))
    (pad 6 thru_hole circle (at 6.35 -2.54 270) (size 1.5 1.5) (drill 0.9) (layers *.Cu *.Mask)
      (net 85 "Net-(HAN++1-Pad6)"))
    (pad 7 thru_hole circle (at 7.62 0 270) (size 1.5 1.5) (drill 0.9) (layers *.Cu *.Mask)
      (net 86 "Net-(HAN++1-Pad7)"))
    (pad 8 thru_hole circle (at 8.89 -2.54 270) (size 1.5 1.5) (drill 0.9) (layers *.Cu *.Mask)
      (net 87 "Net-(HAN++1-Pad8)"))
    (model ${KISYS3DMOD}/Connectors.3dshapes/RJ45_8.wrl
      (offset (xyz 4.571999931335449 -6.349999904632568 0))
      (scale (xyz 0.4 0.4 0.4))
      (rotate (xyz 0 0 0))
    )
  )

  (module rj45:RJ45_8_Stewart_2891016 (layer F.Cu) (tedit 5DBA8AA7) (tstamp 5EB81835)
    (at 104 70.4 90)
    (tags RJ45)
    (path /5EB8872C)
    (fp_text reference J4 (at 4.4 11.4) (layer Dwgs.User)
      (effects (font (size 1 1) (thickness 0.15)))
    )
    (fp_text value Conn_01x08_Male (at 4.59 6.25 90) (layer F.Fab)
      (effects (font (size 1 1) (thickness 0.15)))
    )
    (fp_line (start 12.46 14.47) (end -3.56 14.47) (layer F.CrtYd) (width 0.05))
    (fp_line (start 12.46 14.47) (end 12.46 -4.06) (layer F.CrtYd) (width 0.05))
    (fp_line (start -3.56 -4.06) (end -3.56 14.47) (layer F.CrtYd) (width 0.05))
    (fp_line (start -3.56 -4.06) (end 12.46 -4.06) (layer F.CrtYd) (width 0.05))
    (fp_line (start -3.17 7.51) (end -3.17 14.22) (layer F.SilkS) (width 0.12))
    (fp_line (start 12.06 7.52) (end 12.07 14.22) (layer F.SilkS) (width 0.12))
    (fp_line (start -3.17 -3.81) (end -3.17 5.19) (layer F.SilkS) (width 0.12))
    (fp_line (start 12.07 -3.81) (end -3.17 -3.81) (layer F.SilkS) (width 0.12))
    (fp_line (start 12.07 -3.81) (end 12.06 5.18) (layer F.SilkS) (width 0.12))
    (fp_line (start -3.17 14.22) (end 12.07 14.22) (layer F.SilkS) (width 0.12))
    (pad 8 thru_hole circle (at 8.89 -2.54 90) (size 1.5 1.5) (drill 0.9) (layers *.Cu *.Mask)
      (net 55 "Net-(J4-Pad8)"))
    (pad 7 thru_hole circle (at 7.62 0 90) (size 1.5 1.5) (drill 0.9) (layers *.Cu *.Mask)
      (net 54 "Net-(J4-Pad7)"))
    (pad 6 thru_hole circle (at 6.35 -2.54 90) (size 1.5 1.5) (drill 0.9) (layers *.Cu *.Mask)
      (net 53 "Net-(J4-Pad6)"))
    (pad 5 thru_hole circle (at 5.08 0 90) (size 1.5 1.5) (drill 0.9) (layers *.Cu *.Mask)
      (net 52 "Net-(J4-Pad5)"))
    (pad 4 thru_hole circle (at 3.81 -2.54 90) (size 1.5 1.5) (drill 0.9) (layers *.Cu *.Mask)
      (net 51 "Net-(J4-Pad4)"))
    (pad 3 thru_hole circle (at 2.54 0 90) (size 1.5 1.5) (drill 0.9) (layers *.Cu *.Mask)
      (net 50 "Net-(J4-Pad3)"))
    (pad 2 thru_hole circle (at 1.27 -2.54 90) (size 1.5 1.5) (drill 0.9) (layers *.Cu *.Mask)
      (net 49 "Net-(J4-Pad2)"))
    (pad 1 thru_hole rect (at 0 0 90) (size 1.5 1.5) (drill 0.9) (layers *.Cu *.Mask)
      (net 48 "Net-(J4-Pad1)"))
    (pad Hole np_thru_hole circle (at -1.27 6.35 90) (size 3.65 3.65) (drill 3.25) (layers *.Cu *.SilkS *.Mask))
    (pad Hole np_thru_hole circle (at 10.16 6.35 90) (size 3.65 3.65) (drill 3.25) (layers *.Cu *.SilkS *.Mask))
    (model ${KISYS3DMOD}/Connectors.3dshapes/RJ45_8.wrl
      (offset (xyz 4.571999931335449 -6.349999904632568 0))
      (scale (xyz 0.4 0.4 0.4))
      (rotate (xyz 0 0 0))
    )
  )

  (segment (start 94.365001 62.225001) (end 94.365001 64.765001) (width 1) (layer F.Cu) (net 30))

)
