(kicad_pcb (version 20171130) (host pcbnew 5.1.5-52549c5~86~ubuntu18.04.1)

  (general
    (thickness 1.6)
    (drawings 7)
    (tracks 175)
    (zones 0)
    (modules 11)
    (nets 61)
  )

  (page A4)
  (layers
    (0 F.Cu signal)
    (31 B.Cu signal)
    (32 B.Adhes user)
    (33 F.Adhes user)
    (34 B.Paste user)
    (35 F.Paste user)
    (36 B.SilkS user)
    (37 F.SilkS user)
    (38 B.Mask user)
    (39 F.Mask user)
    (40 Dwgs.User user)
    (41 Cmts.User user)
    (42 Eco1.User user)
    (43 Eco2.User user)
    (44 Edge.Cuts user)
    (45 Margin user)
    (46 B.CrtYd user)
    (47 F.CrtYd user)
    (48 B.Fab user)
    (49 F.Fab user)
  )

  (setup
    (last_trace_width 0.25)
    (user_trace_width 0.5)
    (user_trace_width 1)
    (user_trace_width 2)
    (trace_clearance 0.2)
    (zone_clearance 1)
    (zone_45_only no)
    (trace_min 0.2)
    (via_size 0.8)
    (via_drill 0.4)
    (via_min_size 0.4)
    (via_min_drill 0.3)
    (uvia_size 0.3)
    (uvia_drill 0.1)
    (uvias_allowed no)
    (uvia_min_size 0.2)
    (uvia_min_drill 0.1)
    (edge_width 0.05)
    (segment_width 0.2)
    (pcb_text_width 0.3)
    (pcb_text_size 1.5 1.5)
    (mod_edge_width 0.12)
    (mod_text_size 1 1)
    (mod_text_width 0.15)
    (pad_size 1.524 1.524)
    (pad_drill 0.762)
    (pad_to_mask_clearance 0.051)
    (solder_mask_min_width 0.25)
    (aux_axis_origin 0 0)
    (visible_elements FFFFFF7F)
    (pcbplotparams
      (layerselection 0x010fc_ffffffff)
      (usegerberextensions false)
      (usegerberattributes false)
      (usegerberadvancedattributes false)
      (creategerberjobfile false)
      (excludeedgelayer true)
      (linewidth 0.100000)
      (plotframeref false)
      (viasonmask false)
      (mode 1)
      (useauxorigin false)
      (hpglpennumber 1)
      (hpglpenspeed 20)
      (hpglpendiameter 15.000000)
      (psnegative false)
      (psa4output false)
      (plotreference true)
      (plotvalue true)
      (plotinvisibletext false)
      (padsonsilk false)
      (subtractmaskfromsilk false)
      (outputformat 1)
      (mirror false)
      (drillshape 0)
      (scaleselection 1)
      (outputdirectory "gerber_1.0.0/"))
  )

  (net 0 "")
  (net 1 /GPIO21)
  (net 2 GND)
  (net 3 /GPIO20)
  (net 4 /GPIO16)
  (net 5 /GPIO12)
  (net 6 /GPIO6)
  (net 7 /GPIO5)
  (net 8 /GPIO7)
  (net 9 /GPIO8)
  (net 10 /GPIO11)
  (net 11 /GPIO25)
  (net 12 /GPIO9)
  (net 13 /GPIO10)
  (net 14 /GPIO24)
  (net 15 +3V3)
  (net 16 /GPIO22)
  (net 17 /GPIO27)
  (net 18 /GPIO18)
  (net 19 /UART0_RX)
  (net 20 /GPIO4)
  (net 21 +5V)
  (net 22 /GPIO2)
  (net 23 /ACT_1)
  (net 24 "Net-(CONN1-Pad7)")
  (net 25 "Net-(CONN1-Pad6)")
  (net 26 "Net-(CONN1-Pad4)")
  (net 27 "Net-(CONN1-Pad3)")
  (net 28 /SENSOR_2)
  (net 29 "Net-(CONN2-Pad3)")
  (net 30 "Net-(CONN2-Pad4)")
  (net 31 "Net-(CONN2-Pad6)")
  (net 32 "Net-(CONN2-Pad7)")
  (net 33 /ACT_2)
  (net 34 /ACT_3)
  (net 35 "Net-(CONN3-Pad7)")
  (net 36 "Net-(CONN3-Pad6)")
  (net 37 "Net-(CONN3-Pad4)")
  (net 38 "Net-(CONN3-Pad3)")
  (net 39 /ACT_4)
  (net 40 "Net-(CONN4-Pad7)")
  (net 41 "Net-(CONN4-Pad6)")
  (net 42 "Net-(CONN4-Pad4)")
  (net 43 "Net-(CONN4-Pad3)")
  (net 44 /ACT_5)
  (net 45 "Net-(CONN5-Pad7)")
  (net 46 "Net-(CONN5-Pad6)")
  (net 47 "Net-(CONN5-Pad4)")
  (net 48 "Net-(CONN5-Pad3)")
  (net 49 "Net-(CONN6-Pad3)")
  (net 50 "Net-(CONN6-Pad4)")
  (net 51 "Net-(CONN6-Pad6)")
  (net 52 "Net-(CONN6-Pad7)")
  (net 53 /ACT_6)
  (net 54 "Net-(CONN_RPI1-Pad28)")
  (net 55 "Net-(CONN_RPI1-Pad27)")
  (net 56 /HAN+)
  (net 57 "Net-(HAN1-Pad4)")
  (net 58 /HAN-)
  (net 59 "Net-(HAN1-Pad7)")
  (net 60 "Net-(HAN1-Pad8)")

  (net_class Default "This is the default net class."
    (clearance 0.2)
    (trace_width 0.25)
    (via_dia 0.8)
    (via_drill 0.4)
    (uvia_dia 0.3)
    (uvia_drill 0.1)
    (add_net +3V3)
    (add_net +5V)
    (add_net /ACT_1)
    (add_net /ACT_2)
    (add_net /ACT_3)
    (add_net /ACT_4)
    (add_net /ACT_5)
    (add_net /ACT_6)
    (add_net /GPIO10)
    (add_net /GPIO11)
    (add_net /GPIO12)
    (add_net /GPIO16)
    (add_net /GPIO18)
    (add_net /GPIO2)
    (add_net /GPIO20)
    (add_net /GPIO21)
    (add_net /GPIO22)
    (add_net /GPIO24)
    (add_net /GPIO25)
    (add_net /GPIO27)
    (add_net /GPIO4)
    (add_net /GPIO5)
    (add_net /GPIO6)
    (add_net /GPIO7)
    (add_net /GPIO8)
    (add_net /GPIO9)
    (add_net /HAN+)
    (add_net /HAN-)
    (add_net /SENSOR_2)
    (add_net /UART0_RX)
    (add_net GND)
    (add_net "Net-(CONN1-Pad3)")
    (add_net "Net-(CONN1-Pad4)")
    (add_net "Net-(CONN1-Pad6)")
    (add_net "Net-(CONN1-Pad7)")
    (add_net "Net-(CONN2-Pad3)")
    (add_net "Net-(CONN2-Pad4)")
    (add_net "Net-(CONN2-Pad6)")
    (add_net "Net-(CONN2-Pad7)")
    (add_net "Net-(CONN3-Pad3)")
    (add_net "Net-(CONN3-Pad4)")
    (add_net "Net-(CONN3-Pad6)")
    (add_net "Net-(CONN3-Pad7)")
    (add_net "Net-(CONN4-Pad3)")
    (add_net "Net-(CONN4-Pad4)")
    (add_net "Net-(CONN4-Pad6)")
    (add_net "Net-(CONN4-Pad7)")
    (add_net "Net-(CONN5-Pad3)")
    (add_net "Net-(CONN5-Pad4)")
    (add_net "Net-(CONN5-Pad6)")
    (add_net "Net-(CONN5-Pad7)")
    (add_net "Net-(CONN6-Pad3)")
    (add_net "Net-(CONN6-Pad4)")
    (add_net "Net-(CONN6-Pad6)")
    (add_net "Net-(CONN6-Pad7)")
    (add_net "Net-(CONN_RPI1-Pad27)")
    (add_net "Net-(CONN_RPI1-Pad28)")
    (add_net "Net-(HAN1-Pad4)")
    (add_net "Net-(HAN1-Pad7)")
    (add_net "Net-(HAN1-Pad8)")
  )

  (module Pin_Headers:Pin_Header_Straight_2x20_Pitch2.54mm (layer F.Cu) (tedit 59650533) (tstamp 5EB80DA9)
    (at 91.825001 62.225001)
    (descr "Through hole straight pin header, 2x20, 2.54mm pitch, double rows")
    (tags "Through hole pin header THT 2x20 2.54mm double row")
    (path /5EB8B700)
    (fp_text reference CONN_RPI1 (at 1.27 -2.33) (layer F.SilkS)
      (effects (font (size 1 1) (thickness 0.15)))
    )
    (fp_text value Conn_02x20_Odd_Even (at 1.27 50.59) (layer F.Fab)
      (effects (font (size 1 1) (thickness 0.15)))
    )
    (fp_text user %R (at 1.27 24.13 90) (layer F.Fab)
      (effects (font (size 1 1) (thickness 0.15)))
    )
    (fp_line (start 4.35 -1.8) (end -1.8 -1.8) (layer F.CrtYd) (width 0.05))
    (fp_line (start 4.35 50.05) (end 4.35 -1.8) (layer F.CrtYd) (width 0.05))
    (fp_line (start -1.8 50.05) (end 4.35 50.05) (layer F.CrtYd) (width 0.05))
    (fp_line (start -1.8 -1.8) (end -1.8 50.05) (layer F.CrtYd) (width 0.05))
    (fp_line (start -1.33 -1.33) (end 0 -1.33) (layer F.SilkS) (width 0.12))
    (fp_line (start -1.33 0) (end -1.33 -1.33) (layer F.SilkS) (width 0.12))
    (fp_line (start 1.27 -1.33) (end 3.87 -1.33) (layer F.SilkS) (width 0.12))
    (fp_line (start 1.27 1.27) (end 1.27 -1.33) (layer F.SilkS) (width 0.12))
    (fp_line (start -1.33 1.27) (end 1.27 1.27) (layer F.SilkS) (width 0.12))
    (fp_line (start 3.87 -1.33) (end 3.87 49.59) (layer F.SilkS) (width 0.12))
    (fp_line (start -1.33 1.27) (end -1.33 49.59) (layer F.SilkS) (width 0.12))
    (fp_line (start -1.33 49.59) (end 3.87 49.59) (layer F.SilkS) (width 0.12))
    (fp_line (start -1.27 0) (end 0 -1.27) (layer F.Fab) (width 0.1))
    (fp_line (start -1.27 49.53) (end -1.27 0) (layer F.Fab) (width 0.1))
    (fp_line (start 3.81 49.53) (end -1.27 49.53) (layer F.Fab) (width 0.1))
    (fp_line (start 3.81 -1.27) (end 3.81 49.53) (layer F.Fab) (width 0.1))
    (fp_line (start 0 -1.27) (end 3.81 -1.27) (layer F.Fab) (width 0.1))
    (pad 40 thru_hole oval (at 2.54 48.26) (size 1.7 1.7) (drill 1) (layers *.Cu *.Mask)
      (net 1 /GPIO21))
    (pad 39 thru_hole oval (at 0 48.26) (size 1.7 1.7) (drill 1) (layers *.Cu *.Mask)
      (net 2 GND))
    (pad 38 thru_hole oval (at 2.54 45.72) (size 1.7 1.7) (drill 1) (layers *.Cu *.Mask)
      (net 3 /GPIO20))
    (pad 37 thru_hole oval (at 0 45.72) (size 1.7 1.7) (drill 1) (layers *.Cu *.Mask)
      (net 44 /ACT_5))
    (pad 36 thru_hole oval (at 2.54 43.18) (size 1.7 1.7) (drill 1) (layers *.Cu *.Mask)
      (net 4 /GPIO16))
    (pad 35 thru_hole oval (at 0 43.18) (size 1.7 1.7) (drill 1) (layers *.Cu *.Mask)
      (net 39 /ACT_4))
    (pad 34 thru_hole oval (at 2.54 40.64) (size 1.7 1.7) (drill 1) (layers *.Cu *.Mask)
      (net 2 GND))
    (pad 33 thru_hole oval (at 0 40.64) (size 1.7 1.7) (drill 1) (layers *.Cu *.Mask)
      (net 34 /ACT_3))
    (pad 32 thru_hole oval (at 2.54 38.1) (size 1.7 1.7) (drill 1) (layers *.Cu *.Mask)
      (net 5 /GPIO12))
    (pad 31 thru_hole oval (at 0 38.1) (size 1.7 1.7) (drill 1) (layers *.Cu *.Mask)
      (net 6 /GPIO6))
    (pad 30 thru_hole oval (at 2.54 35.56) (size 1.7 1.7) (drill 1) (layers *.Cu *.Mask)
      (net 2 GND))
    (pad 29 thru_hole oval (at 0 35.56) (size 1.7 1.7) (drill 1) (layers *.Cu *.Mask)
      (net 7 /GPIO5))
    (pad 28 thru_hole oval (at 2.54 33.02) (size 1.7 1.7) (drill 1) (layers *.Cu *.Mask)
      (net 54 "Net-(CONN_RPI1-Pad28)"))
    (pad 27 thru_hole oval (at 0 33.02) (size 1.7 1.7) (drill 1) (layers *.Cu *.Mask)
      (net 55 "Net-(CONN_RPI1-Pad27)"))
    (pad 26 thru_hole oval (at 2.54 30.48) (size 1.7 1.7) (drill 1) (layers *.Cu *.Mask)
      (net 8 /GPIO7))
    (pad 25 thru_hole oval (at 0 30.48) (size 1.7 1.7) (drill 1) (layers *.Cu *.Mask)
      (net 2 GND))
    (pad 24 thru_hole oval (at 2.54 27.94) (size 1.7 1.7) (drill 1) (layers *.Cu *.Mask)
      (net 9 /GPIO8))
    (pad 23 thru_hole oval (at 0 27.94) (size 1.7 1.7) (drill 1) (layers *.Cu *.Mask)
      (net 10 /GPIO11))
    (pad 22 thru_hole oval (at 2.54 25.4) (size 1.7 1.7) (drill 1) (layers *.Cu *.Mask)
      (net 11 /GPIO25))
    (pad 21 thru_hole oval (at 0 25.4) (size 1.7 1.7) (drill 1) (layers *.Cu *.Mask)
      (net 12 /GPIO9))
    (pad 20 thru_hole oval (at 2.54 22.86) (size 1.7 1.7) (drill 1) (layers *.Cu *.Mask)
      (net 2 GND))
    (pad 19 thru_hole oval (at 0 22.86) (size 1.7 1.7) (drill 1) (layers *.Cu *.Mask)
      (net 13 /GPIO10))
    (pad 18 thru_hole oval (at 2.54 20.32) (size 1.7 1.7) (drill 1) (layers *.Cu *.Mask)
      (net 14 /GPIO24))
    (pad 17 thru_hole oval (at 0 20.32) (size 1.7 1.7) (drill 1) (layers *.Cu *.Mask)
      (net 15 +3V3))
    (pad 16 thru_hole oval (at 2.54 17.78) (size 1.7 1.7) (drill 1) (layers *.Cu *.Mask)
      (net 53 /ACT_6))
    (pad 15 thru_hole oval (at 0 17.78) (size 1.7 1.7) (drill 1) (layers *.Cu *.Mask)
      (net 16 /GPIO22))
    (pad 14 thru_hole oval (at 2.54 15.24) (size 1.7 1.7) (drill 1) (layers *.Cu *.Mask)
      (net 2 GND))
    (pad 13 thru_hole oval (at 0 15.24) (size 1.7 1.7) (drill 1) (layers *.Cu *.Mask)
      (net 17 /GPIO27))
    (pad 12 thru_hole oval (at 2.54 12.7) (size 1.7 1.7) (drill 1) (layers *.Cu *.Mask)
      (net 18 /GPIO18))
    (pad 11 thru_hole oval (at 0 12.7) (size 1.7 1.7) (drill 1) (layers *.Cu *.Mask)
      (net 23 /ACT_1))
    (pad 10 thru_hole oval (at 2.54 10.16) (size 1.7 1.7) (drill 1) (layers *.Cu *.Mask)
      (net 19 /UART0_RX))
    (pad 9 thru_hole oval (at 0 10.16) (size 1.7 1.7) (drill 1) (layers *.Cu *.Mask)
      (net 2 GND))
    (pad 8 thru_hole oval (at 2.54 7.62) (size 1.7 1.7) (drill 1) (layers *.Cu *.Mask)
      (net 28 /SENSOR_2))
    (pad 7 thru_hole oval (at 0 7.62) (size 1.7 1.7) (drill 1) (layers *.Cu *.Mask)
      (net 20 /GPIO4))
    (pad 6 thru_hole oval (at 2.54 5.08) (size 1.7 1.7) (drill 1) (layers *.Cu *.Mask)
      (net 2 GND))
    (pad 5 thru_hole oval (at 0 5.08) (size 1.7 1.7) (drill 1) (layers *.Cu *.Mask)
      (net 33 /ACT_2))
    (pad 4 thru_hole oval (at 2.54 2.54) (size 1.7 1.7) (drill 1) (layers *.Cu *.Mask)
      (net 21 +5V))
    (pad 3 thru_hole oval (at 0 2.54) (size 1.7 1.7) (drill 1) (layers *.Cu *.Mask)
      (net 22 /GPIO2))
    (pad 2 thru_hole oval (at 2.54 0) (size 1.7 1.7) (drill 1) (layers *.Cu *.Mask)
      (net 21 +5V))
    (pad 1 thru_hole rect (at 0 0) (size 1.7 1.7) (drill 1) (layers *.Cu *.Mask)
      (net 15 +3V3))
    (model ${KISYS3DMOD}/Pin_Headers.3dshapes/Pin_Header_Straight_2x20_Pitch2.54mm.wrl
      (at (xyz 0 0 0))
      (scale (xyz 1 1 1))
      (rotate (xyz 0 0 0))
    )
  )

  (module rj45:RJ45_8_Stewart_2891016 (layer F.Cu) (tedit 5DBA8AA7) (tstamp 5EBAEE34)
    (at 82.4 68.6 180)
    (tags RJ45)
    (path /5EB87269)
    (fp_text reference CONN1 (at -0.8 -7.6 90) (layer Dwgs.User)
      (effects (font (size 1 1) (thickness 0.15)))
    )
    (fp_text value Conn_01x08_Male (at 4.59 6.25) (layer F.Fab)
      (effects (font (size 1 1) (thickness 0.15)))
    )
    (fp_line (start 12.46 14.47) (end -3.56 14.47) (layer F.CrtYd) (width 0.05))
    (fp_line (start 12.46 14.47) (end 12.46 -4.06) (layer F.CrtYd) (width 0.05))
    (fp_line (start -3.56 -4.06) (end -3.56 14.47) (layer F.CrtYd) (width 0.05))
    (fp_line (start -3.56 -4.06) (end 12.46 -4.06) (layer F.CrtYd) (width 0.05))
    (fp_line (start -3.17 7.51) (end -3.17 14.22) (layer F.SilkS) (width 0.12))
    (fp_line (start 12.06 7.52) (end 12.07 14.22) (layer F.SilkS) (width 0.12))
    (fp_line (start -3.17 -3.81) (end -3.17 5.19) (layer F.SilkS) (width 0.12))
    (fp_line (start 12.07 -3.81) (end -3.17 -3.81) (layer F.SilkS) (width 0.12))
    (fp_line (start 12.07 -3.81) (end 12.06 5.18) (layer F.SilkS) (width 0.12))
    (fp_line (start -3.17 14.22) (end 12.07 14.22) (layer F.SilkS) (width 0.12))
    (pad 8 thru_hole circle (at 8.89 -2.54 180) (size 1.5 1.5) (drill 0.9) (layers *.Cu *.Mask)
      (net 23 /ACT_1))
    (pad 7 thru_hole circle (at 7.62 0 180) (size 1.5 1.5) (drill 0.9) (layers *.Cu *.Mask)
      (net 24 "Net-(CONN1-Pad7)"))
    (pad 6 thru_hole circle (at 6.35 -2.54 180) (size 1.5 1.5) (drill 0.9) (layers *.Cu *.Mask)
      (net 25 "Net-(CONN1-Pad6)"))
    (pad 5 thru_hole circle (at 5.08 0 180) (size 1.5 1.5) (drill 0.9) (layers *.Cu *.Mask)
      (net 21 +5V))
    (pad 4 thru_hole circle (at 3.81 -2.54 180) (size 1.5 1.5) (drill 0.9) (layers *.Cu *.Mask)
      (net 26 "Net-(CONN1-Pad4)"))
    (pad 3 thru_hole circle (at 2.54 0 180) (size 1.5 1.5) (drill 0.9) (layers *.Cu *.Mask)
      (net 27 "Net-(CONN1-Pad3)"))
    (pad 2 thru_hole circle (at 1.27 -2.54 180) (size 1.5 1.5) (drill 0.9) (layers *.Cu *.Mask)
      (net 2 GND))
    (pad 1 thru_hole rect (at 0 0 180) (size 1.5 1.5) (drill 0.9) (layers *.Cu *.Mask)
      (net 22 /GPIO2))
    (pad Hole np_thru_hole circle (at -1.27 6.35 180) (size 3.65 3.65) (drill 3.25) (layers *.Cu *.SilkS *.Mask))
    (pad Hole np_thru_hole circle (at 10.16 6.35 180) (size 3.65 3.65) (drill 3.25) (layers *.Cu *.SilkS *.Mask))
    (model ${KISYS3DMOD}/Connectors.3dshapes/RJ45_8.wrl
      (offset (xyz 4.571999931335449 -6.349999904632568 0))
      (scale (xyz 0.4 0.4 0.4))
      (rotate (xyz 0 0 0))
    )
  )

  (module rj45:RJ45_8_Stewart_2891016 (layer F.Cu) (tedit 5DBA8AA7) (tstamp 5EB81B12)
    (at 63.8 68.6 180)
    (tags RJ45)
    (path /5EB8ADE6)
    (fp_text reference CONN2 (at -4.6 5 90) (layer Dwgs.User)
      (effects (font (size 1 1) (thickness 0.15)))
    )
    (fp_text value Conn_01x08_Male (at 4.59 6.25) (layer F.Fab)
      (effects (font (size 1 1) (thickness 0.15)))
    )
    (fp_line (start -3.17 14.22) (end 12.07 14.22) (layer F.SilkS) (width 0.12))
    (fp_line (start 12.07 -3.81) (end 12.06 5.18) (layer F.SilkS) (width 0.12))
    (fp_line (start 12.07 -3.81) (end -3.17 -3.81) (layer F.SilkS) (width 0.12))
    (fp_line (start -3.17 -3.81) (end -3.17 5.19) (layer F.SilkS) (width 0.12))
    (fp_line (start 12.06 7.52) (end 12.07 14.22) (layer F.SilkS) (width 0.12))
    (fp_line (start -3.17 7.51) (end -3.17 14.22) (layer F.SilkS) (width 0.12))
    (fp_line (start -3.56 -4.06) (end 12.46 -4.06) (layer F.CrtYd) (width 0.05))
    (fp_line (start -3.56 -4.06) (end -3.56 14.47) (layer F.CrtYd) (width 0.05))
    (fp_line (start 12.46 14.47) (end 12.46 -4.06) (layer F.CrtYd) (width 0.05))
    (fp_line (start 12.46 14.47) (end -3.56 14.47) (layer F.CrtYd) (width 0.05))
    (pad Hole np_thru_hole circle (at 10.16 6.35 180) (size 3.65 3.65) (drill 3.25) (layers *.Cu *.SilkS *.Mask))
    (pad Hole np_thru_hole circle (at -1.27 6.35 180) (size 3.65 3.65) (drill 3.25) (layers *.Cu *.SilkS *.Mask))
    (pad 1 thru_hole rect (at 0 0 180) (size 1.5 1.5) (drill 0.9) (layers *.Cu *.Mask)
      (net 28 /SENSOR_2))
    (pad 2 thru_hole circle (at 1.27 -2.54 180) (size 1.5 1.5) (drill 0.9) (layers *.Cu *.Mask)
      (net 2 GND))
    (pad 3 thru_hole circle (at 2.54 0 180) (size 1.5 1.5) (drill 0.9) (layers *.Cu *.Mask)
      (net 29 "Net-(CONN2-Pad3)"))
    (pad 4 thru_hole circle (at 3.81 -2.54 180) (size 1.5 1.5) (drill 0.9) (layers *.Cu *.Mask)
      (net 30 "Net-(CONN2-Pad4)"))
    (pad 5 thru_hole circle (at 5.08 0 180) (size 1.5 1.5) (drill 0.9) (layers *.Cu *.Mask)
      (net 21 +5V))
    (pad 6 thru_hole circle (at 6.35 -2.54 180) (size 1.5 1.5) (drill 0.9) (layers *.Cu *.Mask)
      (net 31 "Net-(CONN2-Pad6)"))
    (pad 7 thru_hole circle (at 7.62 0 180) (size 1.5 1.5) (drill 0.9) (layers *.Cu *.Mask)
      (net 32 "Net-(CONN2-Pad7)"))
    (pad 8 thru_hole circle (at 8.89 -2.54 180) (size 1.5 1.5) (drill 0.9) (layers *.Cu *.Mask)
      (net 33 /ACT_2))
    (model ${KISYS3DMOD}/Connectors.3dshapes/RJ45_8.wrl
      (offset (xyz 4.571999931335449 -6.349999904632568 0))
      (scale (xyz 0.4 0.4 0.4))
      (rotate (xyz 0 0 0))
    )
  )

  (module rj45:RJ45_8_Stewart_2891016 (layer F.Cu) (tedit 5DBA8AA7) (tstamp 5EB80E09)
    (at 69 98.8 270)
    (tags RJ45)
    (path /5EB8A71E)
    (fp_text reference CONN4 (at -5.8 10.8) (layer Dwgs.User)
      (effects (font (size 1 1) (thickness 0.15)))
    )
    (fp_text value Conn_01x08_Male (at 4.59 6.25 90) (layer F.Fab)
      (effects (font (size 1 1) (thickness 0.15)))
    )
    (fp_line (start 12.46 14.47) (end -3.56 14.47) (layer F.CrtYd) (width 0.05))
    (fp_line (start 12.46 14.47) (end 12.46 -4.06) (layer F.CrtYd) (width 0.05))
    (fp_line (start -3.56 -4.06) (end -3.56 14.47) (layer F.CrtYd) (width 0.05))
    (fp_line (start -3.56 -4.06) (end 12.46 -4.06) (layer F.CrtYd) (width 0.05))
    (fp_line (start -3.17 7.51) (end -3.17 14.22) (layer F.SilkS) (width 0.12))
    (fp_line (start 12.06 7.52) (end 12.07 14.22) (layer F.SilkS) (width 0.12))
    (fp_line (start -3.17 -3.81) (end -3.17 5.19) (layer F.SilkS) (width 0.12))
    (fp_line (start 12.07 -3.81) (end -3.17 -3.81) (layer F.SilkS) (width 0.12))
    (fp_line (start 12.07 -3.81) (end 12.06 5.18) (layer F.SilkS) (width 0.12))
    (fp_line (start -3.17 14.22) (end 12.07 14.22) (layer F.SilkS) (width 0.12))
    (pad 8 thru_hole circle (at 8.89 -2.54 270) (size 1.5 1.5) (drill 0.9) (layers *.Cu *.Mask)
      (net 39 /ACT_4))
    (pad 7 thru_hole circle (at 7.62 0 270) (size 1.5 1.5) (drill 0.9) (layers *.Cu *.Mask)
      (net 40 "Net-(CONN4-Pad7)"))
    (pad 6 thru_hole circle (at 6.35 -2.54 270) (size 1.5 1.5) (drill 0.9) (layers *.Cu *.Mask)
      (net 41 "Net-(CONN4-Pad6)"))
    (pad 5 thru_hole circle (at 5.08 0 270) (size 1.5 1.5) (drill 0.9) (layers *.Cu *.Mask)
      (net 21 +5V))
    (pad 4 thru_hole circle (at 3.81 -2.54 270) (size 1.5 1.5) (drill 0.9) (layers *.Cu *.Mask)
      (net 42 "Net-(CONN4-Pad4)"))
    (pad 3 thru_hole circle (at 2.54 0 270) (size 1.5 1.5) (drill 0.9) (layers *.Cu *.Mask)
      (net 43 "Net-(CONN4-Pad3)"))
    (pad 2 thru_hole circle (at 1.27 -2.54 270) (size 1.5 1.5) (drill 0.9) (layers *.Cu *.Mask)
      (net 2 GND))
    (pad 1 thru_hole rect (at 0 0 270) (size 1.5 1.5) (drill 0.9) (layers *.Cu *.Mask)
      (net 6 /GPIO6))
    (pad Hole np_thru_hole circle (at -1.27 6.35 270) (size 3.65 3.65) (drill 3.25) (layers *.Cu *.SilkS *.Mask))
    (pad Hole np_thru_hole circle (at 10.16 6.35 270) (size 3.65 3.65) (drill 3.25) (layers *.Cu *.SilkS *.Mask))
    (model ${KISYS3DMOD}/Connectors.3dshapes/RJ45_8.wrl
      (offset (xyz 4.571999931335449 -6.349999904632568 0))
      (scale (xyz 0.4 0.4 0.4))
      (rotate (xyz 0 0 0))
    )
  )

  (module rj45:RJ45_8_Stewart_2891016 (layer F.Cu) (tedit 5DBA8AA7) (tstamp 5EB80E21)
    (at 107.4 109.4 90)
    (tags RJ45)
    (path /5EB891CD)
    (fp_text reference CONN5 (at 14 7.6) (layer Dwgs.User)
      (effects (font (size 1 1) (thickness 0.15)))
    )
    (fp_text value Conn_01x08_Male (at 4.59 6.25 90) (layer F.Fab)
      (effects (font (size 1 1) (thickness 0.15)))
    )
    (fp_line (start 12.46 14.47) (end -3.56 14.47) (layer F.CrtYd) (width 0.05))
    (fp_line (start 12.46 14.47) (end 12.46 -4.06) (layer F.CrtYd) (width 0.05))
    (fp_line (start -3.56 -4.06) (end -3.56 14.47) (layer F.CrtYd) (width 0.05))
    (fp_line (start -3.56 -4.06) (end 12.46 -4.06) (layer F.CrtYd) (width 0.05))
    (fp_line (start -3.17 7.51) (end -3.17 14.22) (layer F.SilkS) (width 0.12))
    (fp_line (start 12.06 7.52) (end 12.07 14.22) (layer F.SilkS) (width 0.12))
    (fp_line (start -3.17 -3.81) (end -3.17 5.19) (layer F.SilkS) (width 0.12))
    (fp_line (start 12.07 -3.81) (end -3.17 -3.81) (layer F.SilkS) (width 0.12))
    (fp_line (start 12.07 -3.81) (end 12.06 5.18) (layer F.SilkS) (width 0.12))
    (fp_line (start -3.17 14.22) (end 12.07 14.22) (layer F.SilkS) (width 0.12))
    (pad 8 thru_hole circle (at 8.89 -2.54 90) (size 1.5 1.5) (drill 0.9) (layers *.Cu *.Mask)
      (net 44 /ACT_5))
    (pad 7 thru_hole circle (at 7.62 0 90) (size 1.5 1.5) (drill 0.9) (layers *.Cu *.Mask)
      (net 45 "Net-(CONN5-Pad7)"))
    (pad 6 thru_hole circle (at 6.35 -2.54 90) (size 1.5 1.5) (drill 0.9) (layers *.Cu *.Mask)
      (net 46 "Net-(CONN5-Pad6)"))
    (pad 5 thru_hole circle (at 5.08 0 90) (size 1.5 1.5) (drill 0.9) (layers *.Cu *.Mask)
      (net 21 +5V))
    (pad 4 thru_hole circle (at 3.81 -2.54 90) (size 1.5 1.5) (drill 0.9) (layers *.Cu *.Mask)
      (net 47 "Net-(CONN5-Pad4)"))
    (pad 3 thru_hole circle (at 2.54 0 90) (size 1.5 1.5) (drill 0.9) (layers *.Cu *.Mask)
      (net 48 "Net-(CONN5-Pad3)"))
    (pad 2 thru_hole circle (at 1.27 -2.54 90) (size 1.5 1.5) (drill 0.9) (layers *.Cu *.Mask)
      (net 2 GND))
    (pad 1 thru_hole rect (at 0 0 90) (size 1.5 1.5) (drill 0.9) (layers *.Cu *.Mask)
      (net 1 /GPIO21))
    (pad Hole np_thru_hole circle (at -1.27 6.35 90) (size 3.65 3.65) (drill 3.25) (layers *.Cu *.SilkS *.Mask))
    (pad Hole np_thru_hole circle (at 10.16 6.35 90) (size 3.65 3.65) (drill 3.25) (layers *.Cu *.SilkS *.Mask))
    (model ${KISYS3DMOD}/Connectors.3dshapes/RJ45_8.wrl
      (offset (xyz 4.571999931335449 -6.349999904632568 0))
      (scale (xyz 0.4 0.4 0.4))
      (rotate (xyz 0 0 0))
    )
  )

  (module rj45:RJ45_8_Stewart_2891016 (layer F.Cu) (tedit 5DBA8AA7) (tstamp 5EB80E39)
    (at 107.4 66.2 90)
    (tags RJ45)
    (path /5EB8A05C)
    (fp_text reference HAN1 (at 2.8 11.8) (layer Dwgs.User)
      (effects (font (size 1 1) (thickness 0.15)))
    )
    (fp_text value Conn_01x08_Male (at 4.59 6.25 90) (layer F.Fab)
      (effects (font (size 1 1) (thickness 0.15)))
    )
    (fp_line (start -3.17 14.22) (end 12.07 14.22) (layer F.SilkS) (width 0.12))
    (fp_line (start 12.07 -3.81) (end 12.06 5.18) (layer F.SilkS) (width 0.12))
    (fp_line (start 12.07 -3.81) (end -3.17 -3.81) (layer F.SilkS) (width 0.12))
    (fp_line (start -3.17 -3.81) (end -3.17 5.19) (layer F.SilkS) (width 0.12))
    (fp_line (start 12.06 7.52) (end 12.07 14.22) (layer F.SilkS) (width 0.12))
    (fp_line (start -3.17 7.51) (end -3.17 14.22) (layer F.SilkS) (width 0.12))
    (fp_line (start -3.56 -4.06) (end 12.46 -4.06) (layer F.CrtYd) (width 0.05))
    (fp_line (start -3.56 -4.06) (end -3.56 14.47) (layer F.CrtYd) (width 0.05))
    (fp_line (start 12.46 14.47) (end 12.46 -4.06) (layer F.CrtYd) (width 0.05))
    (fp_line (start 12.46 14.47) (end -3.56 14.47) (layer F.CrtYd) (width 0.05))
    (pad Hole np_thru_hole circle (at 10.16 6.35 90) (size 3.65 3.65) (drill 3.25) (layers *.Cu *.SilkS *.Mask))
    (pad Hole np_thru_hole circle (at -1.27 6.35 90) (size 3.65 3.65) (drill 3.25) (layers *.Cu *.SilkS *.Mask))
    (pad 1 thru_hole rect (at 0 0 90) (size 1.5 1.5) (drill 0.9) (layers *.Cu *.Mask)
      (net 18 /GPIO18))
    (pad 2 thru_hole circle (at 1.27 -2.54 90) (size 1.5 1.5) (drill 0.9) (layers *.Cu *.Mask)
      (net 2 GND))
    (pad 3 thru_hole circle (at 2.54 0 90) (size 1.5 1.5) (drill 0.9) (layers *.Cu *.Mask)
      (net 56 /HAN+))
    (pad 4 thru_hole circle (at 3.81 -2.54 90) (size 1.5 1.5) (drill 0.9) (layers *.Cu *.Mask)
      (net 57 "Net-(HAN1-Pad4)"))
    (pad 5 thru_hole circle (at 5.08 0 90) (size 1.5 1.5) (drill 0.9) (layers *.Cu *.Mask)
      (net 21 +5V))
    (pad 6 thru_hole circle (at 6.35 -2.54 90) (size 1.5 1.5) (drill 0.9) (layers *.Cu *.Mask)
      (net 58 /HAN-))
    (pad 7 thru_hole circle (at 7.62 0 90) (size 1.5 1.5) (drill 0.9) (layers *.Cu *.Mask)
      (net 59 "Net-(HAN1-Pad7)"))
    (pad 8 thru_hole circle (at 8.89 -2.54 90) (size 1.5 1.5) (drill 0.9) (layers *.Cu *.Mask)
      (net 60 "Net-(HAN1-Pad8)"))
    (model ${KISYS3DMOD}/Connectors.3dshapes/RJ45_8.wrl
      (offset (xyz 4.571999931335449 -6.349999904632568 0))
      (scale (xyz 0.4 0.4 0.4))
      (rotate (xyz 0 0 0))
    )
  )

  (module rj45:RJ45_8_Stewart_2891016 (layer F.Cu) (tedit 5DBA8AA7) (tstamp 5EB8187A)
    (at 107.6 90.2 90)
    (tags RJ45)
    (path /5EB894BA)
    (fp_text reference CONN6 (at -5.08 5.588) (layer Dwgs.User)
      (effects (font (size 1 1) (thickness 0.15)))
    )
    (fp_text value Conn_01x08_Male (at 4.59 6.25 90) (layer F.Fab)
      (effects (font (size 1 1) (thickness 0.15)))
    )
    (fp_line (start -3.17 14.22) (end 12.07 14.22) (layer F.SilkS) (width 0.12))
    (fp_line (start 12.07 -3.81) (end 12.06 5.18) (layer F.SilkS) (width 0.12))
    (fp_line (start 12.07 -3.81) (end -3.17 -3.81) (layer F.SilkS) (width 0.12))
    (fp_line (start -3.17 -3.81) (end -3.17 5.19) (layer F.SilkS) (width 0.12))
    (fp_line (start 12.06 7.52) (end 12.07 14.22) (layer F.SilkS) (width 0.12))
    (fp_line (start -3.17 7.51) (end -3.17 14.22) (layer F.SilkS) (width 0.12))
    (fp_line (start -3.56 -4.06) (end 12.46 -4.06) (layer F.CrtYd) (width 0.05))
    (fp_line (start -3.56 -4.06) (end -3.56 14.47) (layer F.CrtYd) (width 0.05))
    (fp_line (start 12.46 14.47) (end 12.46 -4.06) (layer F.CrtYd) (width 0.05))
    (fp_line (start 12.46 14.47) (end -3.56 14.47) (layer F.CrtYd) (width 0.05))
    (pad Hole np_thru_hole circle (at 10.16 6.35 90) (size 3.65 3.65) (drill 3.25) (layers *.Cu *.SilkS *.Mask))
    (pad Hole np_thru_hole circle (at -1.27 6.35 90) (size 3.65 3.65) (drill 3.25) (layers *.Cu *.SilkS *.Mask))
    (pad 1 thru_hole rect (at 0 0 90) (size 1.5 1.5) (drill 0.9) (layers *.Cu *.Mask)
      (net 14 /GPIO24))
    (pad 2 thru_hole circle (at 1.27 -2.54 90) (size 1.5 1.5) (drill 0.9) (layers *.Cu *.Mask)
      (net 2 GND))
    (pad 3 thru_hole circle (at 2.54 0 90) (size 1.5 1.5) (drill 0.9) (layers *.Cu *.Mask)
      (net 49 "Net-(CONN6-Pad3)"))
    (pad 4 thru_hole circle (at 3.81 -2.54 90) (size 1.5 1.5) (drill 0.9) (layers *.Cu *.Mask)
      (net 50 "Net-(CONN6-Pad4)"))
    (pad 5 thru_hole circle (at 5.08 0 90) (size 1.5 1.5) (drill 0.9) (layers *.Cu *.Mask)
      (net 21 +5V))
    (pad 6 thru_hole circle (at 6.35 -2.54 90) (size 1.5 1.5) (drill 0.9) (layers *.Cu *.Mask)
      (net 51 "Net-(CONN6-Pad6)"))
    (pad 7 thru_hole circle (at 7.62 0 90) (size 1.5 1.5) (drill 0.9) (layers *.Cu *.Mask)
      (net 52 "Net-(CONN6-Pad7)"))
    (pad 8 thru_hole circle (at 8.89 -2.54 90) (size 1.5 1.5) (drill 0.9) (layers *.Cu *.Mask)
      (net 53 /ACT_6))
    (model ${KISYS3DMOD}/Connectors.3dshapes/RJ45_8.wrl
      (offset (xyz 4.571999931335449 -6.349999904632568 0))
      (scale (xyz 0.4 0.4 0.4))
      (rotate (xyz 0 0 0))
    )
  )

  (module rj45:RJ45_8_Stewart_2891016 (layer F.Cu) (tedit 5DBA8AA7) (tstamp 5EB81835)
    (at 73.6 79.6 270)
    (tags RJ45)
    (path /5EB8872C)
    (fp_text reference CONN3 (at 4.4 11.4) (layer Dwgs.User)
      (effects (font (size 1 1) (thickness 0.15)))
    )
    (fp_text value Conn_01x08_Male (at 4.59 6.25 90) (layer F.Fab)
      (effects (font (size 1 1) (thickness 0.15)))
    )
    (fp_line (start 12.46 14.47) (end -3.56 14.47) (layer F.CrtYd) (width 0.05))
    (fp_line (start 12.46 14.47) (end 12.46 -4.06) (layer F.CrtYd) (width 0.05))
    (fp_line (start -3.56 -4.06) (end -3.56 14.47) (layer F.CrtYd) (width 0.05))
    (fp_line (start -3.56 -4.06) (end 12.46 -4.06) (layer F.CrtYd) (width 0.05))
    (fp_line (start -3.17 7.51) (end -3.17 14.22) (layer F.SilkS) (width 0.12))
    (fp_line (start 12.06 7.52) (end 12.07 14.22) (layer F.SilkS) (width 0.12))
    (fp_line (start -3.17 -3.81) (end -3.17 5.19) (layer F.SilkS) (width 0.12))
    (fp_line (start 12.07 -3.81) (end -3.17 -3.81) (layer F.SilkS) (width 0.12))
    (fp_line (start 12.07 -3.81) (end 12.06 5.18) (layer F.SilkS) (width 0.12))
    (fp_line (start -3.17 14.22) (end 12.07 14.22) (layer F.SilkS) (width 0.12))
    (pad 8 thru_hole circle (at 8.89 -2.54 270) (size 1.5 1.5) (drill 0.9) (layers *.Cu *.Mask)
      (net 34 /ACT_3))
    (pad 7 thru_hole circle (at 7.62 0 270) (size 1.5 1.5) (drill 0.9) (layers *.Cu *.Mask)
      (net 35 "Net-(CONN3-Pad7)"))
    (pad 6 thru_hole circle (at 6.35 -2.54 270) (size 1.5 1.5) (drill 0.9) (layers *.Cu *.Mask)
      (net 36 "Net-(CONN3-Pad6)"))
    (pad 5 thru_hole circle (at 5.08 0 270) (size 1.5 1.5) (drill 0.9) (layers *.Cu *.Mask)
      (net 21 +5V))
    (pad 4 thru_hole circle (at 3.81 -2.54 270) (size 1.5 1.5) (drill 0.9) (layers *.Cu *.Mask)
      (net 37 "Net-(CONN3-Pad4)"))
    (pad 3 thru_hole circle (at 2.54 0 270) (size 1.5 1.5) (drill 0.9) (layers *.Cu *.Mask)
      (net 38 "Net-(CONN3-Pad3)"))
    (pad 2 thru_hole circle (at 1.27 -2.54 270) (size 1.5 1.5) (drill 0.9) (layers *.Cu *.Mask)
      (net 2 GND))
    (pad 1 thru_hole rect (at 0 0 270) (size 1.5 1.5) (drill 0.9) (layers *.Cu *.Mask)
      (net 17 /GPIO27))
    (pad Hole np_thru_hole circle (at -1.27 6.35 270) (size 3.65 3.65) (drill 3.25) (layers *.Cu *.SilkS *.Mask))
    (pad Hole np_thru_hole circle (at 10.16 6.35 270) (size 3.65 3.65) (drill 3.25) (layers *.Cu *.SilkS *.Mask))
    (model ${KISYS3DMOD}/Connectors.3dshapes/RJ45_8.wrl
      (offset (xyz 4.571999931335449 -6.349999904632568 0))
      (scale (xyz 0.4 0.4 0.4))
      (rotate (xyz 0 0 0))
    )
  )

  (module Connectors:PINHEAD1-2 (layer B.Cu) (tedit 0) (tstamp 5EBAEC2C)
    (at 119.2 60 270)
    (path /5EBD9978)
    (fp_text reference J1 (at 1.27 3.9 270) (layer B.SilkS)
      (effects (font (size 1 1) (thickness 0.15)) (justify mirror))
    )
    (fp_text value Conn_01x02_Male (at 1.27 -3.81 270) (layer B.Fab)
      (effects (font (size 1 1) (thickness 0.15)) (justify mirror))
    )
    (fp_line (start 4.06 -3.42) (end -1.52 -3.42) (layer B.CrtYd) (width 0.05))
    (fp_line (start 4.06 -3.42) (end 4.06 3.42) (layer B.CrtYd) (width 0.05))
    (fp_line (start -1.52 3.42) (end -1.52 -3.42) (layer B.CrtYd) (width 0.05))
    (fp_line (start -1.52 3.42) (end 4.06 3.42) (layer B.CrtYd) (width 0.05))
    (fp_line (start 3.81 3.17) (end 3.81 -3.17) (layer B.SilkS) (width 0.12))
    (fp_line (start -1.27 3.17) (end -1.27 -3.17) (layer B.SilkS) (width 0.12))
    (fp_line (start -1.27 3.17) (end 3.81 3.17) (layer B.SilkS) (width 0.12))
    (fp_line (start 3.81 -3.17) (end -1.27 -3.17) (layer B.SilkS) (width 0.12))
    (fp_line (start 3.81 1.27) (end -1.27 1.27) (layer B.SilkS) (width 0.12))
    (pad 2 thru_hole oval (at 2.54 0 270) (size 1.51 3.01) (drill 1) (layers *.Cu *.Mask)
      (net 56 /HAN+))
    (pad 1 thru_hole oval (at 0 0 270) (size 1.51 3.01) (drill 1) (layers *.Cu *.Mask)
      (net 58 /HAN-))
  )

  (module Capacitors_THT:CP_Radial_D5.0mm_P2.50mm (layer F.Cu) (tedit 597BC7C2) (tstamp 5EBAFBD4)
    (at 82.8 82.4 90)
    (descr "CP, Radial series, Radial, pin pitch=2.50mm, , diameter=5mm, Electrolytic Capacitor")
    (tags "CP Radial series Radial pin pitch 2.50mm  diameter 5mm Electrolytic Capacitor")
    (path /5EBF999E)
    (fp_text reference C1 (at 1.25 -3.81 90) (layer F.SilkS)
      (effects (font (size 1 1) (thickness 0.15)))
    )
    (fp_text value 10uF (at 1.25 3.81 90) (layer F.Fab)
      (effects (font (size 1 1) (thickness 0.15)))
    )
    (fp_text user %R (at 1.25 0 90) (layer F.Fab)
      (effects (font (size 1 1) (thickness 0.15)))
    )
    (fp_line (start 4.1 -2.85) (end -1.6 -2.85) (layer F.CrtYd) (width 0.05))
    (fp_line (start 4.1 2.85) (end 4.1 -2.85) (layer F.CrtYd) (width 0.05))
    (fp_line (start -1.6 2.85) (end 4.1 2.85) (layer F.CrtYd) (width 0.05))
    (fp_line (start -1.6 -2.85) (end -1.6 2.85) (layer F.CrtYd) (width 0.05))
    (fp_line (start -1.6 -0.65) (end -1.6 0.65) (layer F.SilkS) (width 0.12))
    (fp_line (start -2.2 0) (end -1 0) (layer F.SilkS) (width 0.12))
    (fp_line (start 3.811 -0.354) (end 3.811 0.354) (layer F.SilkS) (width 0.12))
    (fp_line (start 3.771 -0.559) (end 3.771 0.559) (layer F.SilkS) (width 0.12))
    (fp_line (start 3.731 -0.707) (end 3.731 0.707) (layer F.SilkS) (width 0.12))
    (fp_line (start 3.691 -0.829) (end 3.691 0.829) (layer F.SilkS) (width 0.12))
    (fp_line (start 3.651 -0.934) (end 3.651 0.934) (layer F.SilkS) (width 0.12))
    (fp_line (start 3.611 -1.028) (end 3.611 1.028) (layer F.SilkS) (width 0.12))
    (fp_line (start 3.571 -1.112) (end 3.571 1.112) (layer F.SilkS) (width 0.12))
    (fp_line (start 3.531 -1.189) (end 3.531 1.189) (layer F.SilkS) (width 0.12))
    (fp_line (start 3.491 -1.261) (end 3.491 1.261) (layer F.SilkS) (width 0.12))
    (fp_line (start 3.451 0.98) (end 3.451 1.327) (layer F.SilkS) (width 0.12))
    (fp_line (start 3.451 -1.327) (end 3.451 -0.98) (layer F.SilkS) (width 0.12))
    (fp_line (start 3.411 0.98) (end 3.411 1.39) (layer F.SilkS) (width 0.12))
    (fp_line (start 3.411 -1.39) (end 3.411 -0.98) (layer F.SilkS) (width 0.12))
    (fp_line (start 3.371 0.98) (end 3.371 1.448) (layer F.SilkS) (width 0.12))
    (fp_line (start 3.371 -1.448) (end 3.371 -0.98) (layer F.SilkS) (width 0.12))
    (fp_line (start 3.331 0.98) (end 3.331 1.504) (layer F.SilkS) (width 0.12))
    (fp_line (start 3.331 -1.504) (end 3.331 -0.98) (layer F.SilkS) (width 0.12))
    (fp_line (start 3.291 0.98) (end 3.291 1.556) (layer F.SilkS) (width 0.12))
    (fp_line (start 3.291 -1.556) (end 3.291 -0.98) (layer F.SilkS) (width 0.12))
    (fp_line (start 3.251 0.98) (end 3.251 1.606) (layer F.SilkS) (width 0.12))
    (fp_line (start 3.251 -1.606) (end 3.251 -0.98) (layer F.SilkS) (width 0.12))
    (fp_line (start 3.211 0.98) (end 3.211 1.654) (layer F.SilkS) (width 0.12))
    (fp_line (start 3.211 -1.654) (end 3.211 -0.98) (layer F.SilkS) (width 0.12))
    (fp_line (start 3.171 0.98) (end 3.171 1.699) (layer F.SilkS) (width 0.12))
    (fp_line (start 3.171 -1.699) (end 3.171 -0.98) (layer F.SilkS) (width 0.12))
    (fp_line (start 3.131 0.98) (end 3.131 1.742) (layer F.SilkS) (width 0.12))
    (fp_line (start 3.131 -1.742) (end 3.131 -0.98) (layer F.SilkS) (width 0.12))
    (fp_line (start 3.091 0.98) (end 3.091 1.783) (layer F.SilkS) (width 0.12))
    (fp_line (start 3.091 -1.783) (end 3.091 -0.98) (layer F.SilkS) (width 0.12))
    (fp_line (start 3.051 0.98) (end 3.051 1.823) (layer F.SilkS) (width 0.12))
    (fp_line (start 3.051 -1.823) (end 3.051 -0.98) (layer F.SilkS) (width 0.12))
    (fp_line (start 3.011 0.98) (end 3.011 1.861) (layer F.SilkS) (width 0.12))
    (fp_line (start 3.011 -1.861) (end 3.011 -0.98) (layer F.SilkS) (width 0.12))
    (fp_line (start 2.971 0.98) (end 2.971 1.897) (layer F.SilkS) (width 0.12))
    (fp_line (start 2.971 -1.897) (end 2.971 -0.98) (layer F.SilkS) (width 0.12))
    (fp_line (start 2.931 0.98) (end 2.931 1.932) (layer F.SilkS) (width 0.12))
    (fp_line (start 2.931 -1.932) (end 2.931 -0.98) (layer F.SilkS) (width 0.12))
    (fp_line (start 2.891 0.98) (end 2.891 1.965) (layer F.SilkS) (width 0.12))
    (fp_line (start 2.891 -1.965) (end 2.891 -0.98) (layer F.SilkS) (width 0.12))
    (fp_line (start 2.851 0.98) (end 2.851 1.997) (layer F.SilkS) (width 0.12))
    (fp_line (start 2.851 -1.997) (end 2.851 -0.98) (layer F.SilkS) (width 0.12))
    (fp_line (start 2.811 0.98) (end 2.811 2.028) (layer F.SilkS) (width 0.12))
    (fp_line (start 2.811 -2.028) (end 2.811 -0.98) (layer F.SilkS) (width 0.12))
    (fp_line (start 2.771 0.98) (end 2.771 2.058) (layer F.SilkS) (width 0.12))
    (fp_line (start 2.771 -2.058) (end 2.771 -0.98) (layer F.SilkS) (width 0.12))
    (fp_line (start 2.731 0.98) (end 2.731 2.086) (layer F.SilkS) (width 0.12))
    (fp_line (start 2.731 -2.086) (end 2.731 -0.98) (layer F.SilkS) (width 0.12))
    (fp_line (start 2.691 0.98) (end 2.691 2.113) (layer F.SilkS) (width 0.12))
    (fp_line (start 2.691 -2.113) (end 2.691 -0.98) (layer F.SilkS) (width 0.12))
    (fp_line (start 2.651 0.98) (end 2.651 2.14) (layer F.SilkS) (width 0.12))
    (fp_line (start 2.651 -2.14) (end 2.651 -0.98) (layer F.SilkS) (width 0.12))
    (fp_line (start 2.611 0.98) (end 2.611 2.165) (layer F.SilkS) (width 0.12))
    (fp_line (start 2.611 -2.165) (end 2.611 -0.98) (layer F.SilkS) (width 0.12))
    (fp_line (start 2.571 0.98) (end 2.571 2.189) (layer F.SilkS) (width 0.12))
    (fp_line (start 2.571 -2.189) (end 2.571 -0.98) (layer F.SilkS) (width 0.12))
    (fp_line (start 2.531 0.98) (end 2.531 2.212) (layer F.SilkS) (width 0.12))
    (fp_line (start 2.531 -2.212) (end 2.531 -0.98) (layer F.SilkS) (width 0.12))
    (fp_line (start 2.491 0.98) (end 2.491 2.234) (layer F.SilkS) (width 0.12))
    (fp_line (start 2.491 -2.234) (end 2.491 -0.98) (layer F.SilkS) (width 0.12))
    (fp_line (start 2.451 0.98) (end 2.451 2.256) (layer F.SilkS) (width 0.12))
    (fp_line (start 2.451 -2.256) (end 2.451 -0.98) (layer F.SilkS) (width 0.12))
    (fp_line (start 2.411 0.98) (end 2.411 2.276) (layer F.SilkS) (width 0.12))
    (fp_line (start 2.411 -2.276) (end 2.411 -0.98) (layer F.SilkS) (width 0.12))
    (fp_line (start 2.371 0.98) (end 2.371 2.296) (layer F.SilkS) (width 0.12))
    (fp_line (start 2.371 -2.296) (end 2.371 -0.98) (layer F.SilkS) (width 0.12))
    (fp_line (start 2.331 0.98) (end 2.331 2.315) (layer F.SilkS) (width 0.12))
    (fp_line (start 2.331 -2.315) (end 2.331 -0.98) (layer F.SilkS) (width 0.12))
    (fp_line (start 2.291 0.98) (end 2.291 2.333) (layer F.SilkS) (width 0.12))
    (fp_line (start 2.291 -2.333) (end 2.291 -0.98) (layer F.SilkS) (width 0.12))
    (fp_line (start 2.251 0.98) (end 2.251 2.35) (layer F.SilkS) (width 0.12))
    (fp_line (start 2.251 -2.35) (end 2.251 -0.98) (layer F.SilkS) (width 0.12))
    (fp_line (start 2.211 0.98) (end 2.211 2.366) (layer F.SilkS) (width 0.12))
    (fp_line (start 2.211 -2.366) (end 2.211 -0.98) (layer F.SilkS) (width 0.12))
    (fp_line (start 2.171 0.98) (end 2.171 2.382) (layer F.SilkS) (width 0.12))
    (fp_line (start 2.171 -2.382) (end 2.171 -0.98) (layer F.SilkS) (width 0.12))
    (fp_line (start 2.131 0.98) (end 2.131 2.396) (layer F.SilkS) (width 0.12))
    (fp_line (start 2.131 -2.396) (end 2.131 -0.98) (layer F.SilkS) (width 0.12))
    (fp_line (start 2.091 0.98) (end 2.091 2.41) (layer F.SilkS) (width 0.12))
    (fp_line (start 2.091 -2.41) (end 2.091 -0.98) (layer F.SilkS) (width 0.12))
    (fp_line (start 2.051 0.98) (end 2.051 2.424) (layer F.SilkS) (width 0.12))
    (fp_line (start 2.051 -2.424) (end 2.051 -0.98) (layer F.SilkS) (width 0.12))
    (fp_line (start 2.011 0.98) (end 2.011 2.436) (layer F.SilkS) (width 0.12))
    (fp_line (start 2.011 -2.436) (end 2.011 -0.98) (layer F.SilkS) (width 0.12))
    (fp_line (start 1.971 0.98) (end 1.971 2.448) (layer F.SilkS) (width 0.12))
    (fp_line (start 1.971 -2.448) (end 1.971 -0.98) (layer F.SilkS) (width 0.12))
    (fp_line (start 1.93 0.98) (end 1.93 2.46) (layer F.SilkS) (width 0.12))
    (fp_line (start 1.93 -2.46) (end 1.93 -0.98) (layer F.SilkS) (width 0.12))
    (fp_line (start 1.89 0.98) (end 1.89 2.47) (layer F.SilkS) (width 0.12))
    (fp_line (start 1.89 -2.47) (end 1.89 -0.98) (layer F.SilkS) (width 0.12))
    (fp_line (start 1.85 0.98) (end 1.85 2.48) (layer F.SilkS) (width 0.12))
    (fp_line (start 1.85 -2.48) (end 1.85 -0.98) (layer F.SilkS) (width 0.12))
    (fp_line (start 1.81 0.98) (end 1.81 2.489) (layer F.SilkS) (width 0.12))
    (fp_line (start 1.81 -2.489) (end 1.81 -0.98) (layer F.SilkS) (width 0.12))
